$SPEC_ID:
No sample description was entered.
$SPEC_REM:
DET# 1
DETDESC# MYON MCB 337
AP# Maestro Version 6.06
$DATE_MEA:
02/15/2021 11:02:45
$MEAS_TIM:
0 210
$DATA:
0 511
       1
       1
      43
    2082
   81231
  631852
  403859
   44525
    1629
     630
     578
     513
     465
     424
     381
     329
     370
     308
     312
     315
     295
     253
     248
     268
     245
     249
     228
     231
     253
     232
     224
     233
     225
     208
     220
     211
     229
     257
     237
     224
     241
     258
     248
     236
     249
     242
     257
     276
     234
     248
     266
     257
     276
     260
     267
     260
     281
     270
     319
     304
     264
     307
     301
     284
     282
     280
     264
     252
     290
     277
     280
     277
     291
     274
     276
     269
     273
     254
     221
     239
     253
     241
     226
     250
     249
     233
     233
     280
     223
     234
     247
     254
     219
     208
     222
     206
     256
     195
     218
     247
     227
     228
     208
     211
     237
     216
     245
     211
     224
     202
     199
     231
     220
     212
     231
     229
     237
     237
     206
     249
     253
     256
     238
     229
     240
     238
     226
     228
     221
     225
     230
     220
     216
     204
     229
     210
     161
     175
     167
     164
     169
     141
     133
     130
     118
     120
      99
      93
      98
     115
     105
     105
      94
      98
      85
      97
      69
      81
      95
      82
      96
      97
      82
     101
      94
     100
      90
      75
      81
     101
     103
      86
     102
     129
     116
     113
     136
     152
     197
     250
     293
     433
     494
     632
     721
     882
     996
    1227
    1363
    1532
    1575
    1695
    1626
    1667
    1577
    1467
    1352
    1165
    1010
     817
     625
     506
     394
     287
     175
     131
      79
      66
      37
      24
      12
       5
      11
      11
       5
       4
       5
       3
       4
       1
       2
       3
       4
       4
       3
       4
       2
       3
       3
       3
       1
       1
       2
       1
       5
       2
       2
       4
       1
       5
       1
       3
       3
       3
       3
       5
       0
       5
       2
       2
       1
       5
       2
       1
       3
       2
       2
       3
       3
       2
       4
       4
       3
       3
       1
       6
       4
       3
       3
       5
       2
       2
       4
       2
       1
       1
       2
       2
       1
       3
       2
       1
       1
       1
       1
       3
       4
       3
       1
       2
       1
       1
       3
       3
       3
       0
       0
       3
       3
       2
       0
       1
       1
       1
       2
       1
       2
       0
       1
       2
       4
       2
       0
       4
       3
       2
       0
       3
       1
       2
       0
       0
       2
       2
       2
       1
       1
       2
       2
       2
       3
       0
       2
       1
       2
       1
       2
       5
       1
       1
       1
       1
       1
       2
       3
       0
       1
       0
       2
       0
       0
       0
       0
       1
       2
       1
       1
       1
       1
       0
       1
       2
       0
       0
       0
       3
       2
       0
       0
       2
       0
       0
       0
       2
       1
       1
       1
       1
       0
       2
       1
       0
       0
       1
       0
       6
       1
       0
       1
       1
       1
       2
       2
       2
       3
       1
       5
       3
       3
       1
       7
       4
       3
       3
       3
       5
       3
       1
       1
       0
       2
       0
       2
       2
       2
       2
       1
       2
       0
       1
       2
       1
       0
       1
       2
       2
       4
       0
       0
       2
       0
       0
       1
       2
       2
       0
       0
       0
       1
       1
       1
       0
       0
       1
       0
       0
       0
       1
       0
       0
       0
       0
       0
       0
       1
       1
       1
       0
       2
       1
       0
       0
       0
       0
       0
       0
       0
       0
       0
       0
       0
       0
       0
       0
       0
       0
       0
       0
       0
       0
       0
       0
       0
       0
       0
       0
       0
       0
       1
       0
       1
       0
       0
       0
       0
       0
       1
       0
       0
       0
       1
       0
       2
       0
       0
       0
       1
       0
       2
       0
       3
       0
$ROI:
1
178 222
$PRESETS:
Real Time
300
0
$ENER_FIT:
-2.326062 0.088583
$MCA_CAL:
3
-2.326062E+000 8.858320E-002 -1.636990E-004 micr
$SHAPE_CAL:
3
0.000000E+000 0.000000E+000 0.000000E+000
