$SPEC_ID:
No sample description was entered.
$SPEC_REM:
DET# 1
DETDESC# MYON MCB 337
AP# Maestro Version 6.06
$DATE_MEA:
02/15/2021 11:08:11
$MEAS_TIM:
0 178
$DATA:
0 511
       0
       0
      40
    1941
   71180
  543965
  351568
   40348
    1799
     674
     566
     465
     403
     350
     335
     305
     268
     280
     313
     268
     265
     229
     249
     234
     228
     224
     214
     201
     227
     195
     220
     188
     226
     200
     204
     203
     231
     198
     198
     205
     187
     214
     201
     237
     238
     212
     213
     230
     236
     260
     252
     248
     269
     247
     225
     260
     261
     236
     255
     279
     277
     293
     254
     283
     299
     284
     272
     258
     270
     241
     234
     279
     250
     267
     252
     238
     248
     272
     223
     215
     238
     211
     237
     223
     228
     234
     214
     223
     223
     222
     199
     222
     222
     206
     255
     192
     200
     201
     216
     214
     218
     219
     238
     215
     226
     240
     223
     197
     193
     207
     201
     190
     208
     248
     204
     200
     225
     237
     200
     234
     236
     216
     240
     244
     219
     201
     176
     216
     203
     233
     218
     235
     201
     207
     192
     188
     184
     158
     157
     150
     143
     133
     124
     115
      98
      85
      88
      89
     103
      88
      81
      84
      80
      79
      99
      84
      66
      77
      85
      68
      58
      55
      79
      90
      77
      82
      89
      81
      98
      70
      87
      96
      89
      87
     100
     126
     162
     184
     155
     214
     274
     358
     416
     548
     657
     795
     958
    1128
    1232
    1415
    1530
    1515
    1618
    1591
    1549
    1414
    1246
    1180
     919
     814
     647
     513
     393
     311
     201
     155
      97
      52
      49
      32
      20
      12
       6
       3
       5
       1
       0
       5
       4
       3
       3
       4
       3
       1
       2
       6
       3
       4
       2
       4
       3
       5
       2
       2
       4
       2
       0
       3
       1
       3
       1
       2
       0
       3
       2
       3
       2
       1
       2
       3
       3
       1
       0
       1
       1
       4
       3
       3
       2
       2
       1
       3
       2
       3
       1
       1
       5
       0
       3
       1
       1
       1
       2
       2
       3
       0
       2
       1
       3
       4
       2
       2
       2
       2
       3
       6
       0
       5
       1
       0
       2
       1
       2
       1
       2
       1
       1
       2
       2
       2
       1
       1
       2
       2
       2
       3
       0
       3
       0
       2
       1
       0
       1
       1
       0
       1
       1
       1
       4
       2
       0
       3
       2
       1
       0
       1
       4
       2
       3
       1
       1
       1
       4
       2
       0
       0
       1
       0
       1
       0
       0
       1
       0
       1
       1
       2
       1
       0
       0
       0
       2
       0
       0
       0
       1
       0
       0
       1
       3
       1
       0
       0
       1
       2
       1
       3
       1
       0
       1
       1
       0
       0
       0
       1
       0
       2
       0
       1
       1
       1
       0
       0
       2
       1
       1
       3
       3
       1
       2
       2
       3
       1
       0
       0
       0
       3
       2
       3
       1
       1
       2
       3
       0
       1
       3
       2
       2
       1
       4
       1
       2
       2
       3
       2
       1
       2
       1
       2
       1
       1
       2
       2
       2
       3
       2
       1
       0
       0
       1
       0
       0
       1
       0
       0
       0
       0
       0
       0
       1
       1
       0
       1
       0
       1
       0
       1
       0
       0
       2
       0
       1
       0
       0
       0
       0
       0
       0
       0
       0
       0
       2
       0
       0
       0
       0
       0
       0
       0
       1
       0
       0
       0
       0
       0
       0
       0
       1
       0
       0
       0
       1
       0
       0
       0
       0
       1
       0
       0
       0
       0
       0
       0
       0
       0
       0
       0
       0
       0
       0
       0
       0
       0
       1
       0
       0
       0
       0
       0
       1
       0
       1
       0
$ROI:
1
178 222
$PRESETS:
Real Time
300
0
$ENER_FIT:
-2.326062 0.088583
$MCA_CAL:
3
-2.326062E+000 8.858320E-002 -1.636990E-004 micr
$SHAPE_CAL:
3
0.000000E+000 0.000000E+000 0.000000E+000
