$SPEC_ID:
No sample description was entered.
$SPEC_REM:
DET# 1
DETDESC# MYON MCB 337
AP# Maestro Version 6.06
$DATE_MEA:
02/15/2021 10:58:05
$MEAS_TIM:
0 208
$DATA:
0 511
       0
       2
      48
    2268
   83200
  629366
  405593
   45826
    1789
     690
     733
     556
     536
     461
     426
     362
     378
     332
     312
     313
     321
     302
     318
     265
     280
     277
     262
     276
     253
     230
     252
     250
     261
     239
     243
     254
     231
     260
     250
     263
     242
     281
     257
     269
     243
     262
     276
     267
     300
     301
     259
     285
     292
     272
     292
     293
     317
     332
     343
     319
     291
     328
     339
     330
     288
     328
     330
     295
     330
     299
     337
     316
     302
     253
     282
     311
     285
     286
     299
     313
     303
     271
     274
     267
     280
     282
     232
     266
     250
     253
     286
     238
     286
     257
     238
     232
     244
     241
     237
     253
     245
     260
     251
     243
     275
     239
     259
     252
     238
     229
     245
     265
     265
     220
     243
     242
     234
     245
     248
     266
     259
     239
     272
     271
     280
     249
     261
     273
     261
     287
     249
     254
     236
     243
     216
     222
     232
     186
     162
     182
     160
     162
     140
     130
     143
     114
     139
     114
     101
      94
      88
     102
     103
      94
      97
      96
      90
     109
      76
     110
      95
      91
      98
      94
     113
      82
     101
     104
     109
      98
      96
      97
     127
     121
     120
     156
     183
     213
     245
     237
     296
     392
     524
     666
     797
     948
    1164
    1322
    1442
    1679
    1782
    1811
    1903
    1917
    1810
    1648
    1563
    1371
    1182
     923
     798
     567
     524
     379
     255
     171
      94
      80
      48
      36
      12
      11
       6
       9
       3
       4
       4
       3
       2
       5
       0
       3
       2
       1
       1
       2
       4
       0
       5
       2
       1
       2
       3
       2
       2
       1
       5
       3
       4
       2
       1
       4
       4
       3
       3
       5
       3
       2
       4
       2
       1
       2
       3
       3
       2
       5
       6
       2
       4
       2
       4
       2
       2
       4
       2
       0
       1
       5
       1
       4
       4
       1
       1
       1
       2
       3
       4
       3
       2
       2
       1
       1
       0
       1
       3
       2
       3
       1
       3
       2
       2
       1
       1
       1
       3
       2
       3
       1
       2
       2
       1
       2
       6
       2
       1
       2
       0
       2
       2
       2
       2
       0
       2
       0
       4
       0
       1
       0
       1
       0
       2
       1
       2
       3
       2
       1
       0
       2
       0
       2
       1
       1
       0
       3
       4
       2
       3
       1
       0
       0
       2
       0
       0
       0
       0
       2
       1
       0
       0
       3
       1
       0
       2
       1
       0
       1
       1
       1
       0
       0
       0
       0
       1
       0
       2
       0
       2
       1
       0
       2
       2
       0
       0
       0
       1
       0
       2
       1
       0
       0
       1
       0
       1
       1
       1
       1
       1
       2
       4
       0
       2
       1
       1
       1
       1
       1
       1
       2
       2
       4
       1
       2
       2
       2
       3
       7
       3
       1
       0
       4
       1
       1
       3
       1
       0
       2
       4
       3
       2
       0
       0
       2
       1
       0
       2
       1
       0
       1
       0
       0
       1
       0
       0
       0
       1
       1
       0
       0
       0
       0
       0
       0
       0
       0
       1
       0
       0
       1
       0
       0
       1
       0
       0
       0
       0
       1
       0
       0
       0
       1
       0
       0
       1
       0
       0
       0
       1
       0
       0
       0
       0
       0
       0
       0
       0
       0
       0
       0
       0
       0
       0
       0
       0
       0
       0
       0
       0
       0
       0
       0
       0
       0
       0
       0
       0
       0
       0
       0
       0
       0
       1
       0
       1
       2
       0
       3
       0
       0
       3
       0
       0
       0
$ROI:
1
178 222
$PRESETS:
Real Time
300
0
$ENER_FIT:
-2.326062 0.088583
$MCA_CAL:
3
-2.326062E+000 8.858320E-002 -1.636990E-004 micr
$SHAPE_CAL:
3
0.000000E+000 0.000000E+000 0.000000E+000
