#Temperatur in Celsius , Strom in Ax10^-11
-59.9   0.08
-57.7   0.1
-55.7   0.08
-54.9   0.09
-54.0   0.08
-53.2   0.09
-52.6   0.08
-51.6   0.07
-50.7   0.07
-49.9   0.07
-48.4   0.07
-47.5   0.07
-46.8   0.07
-45.9   0.08
-45.0   0.08
-44.1   0.08
-43.0   0.09
-41.8   0.08
-41.8   0.08
-40.9   0.11
-40.0   0.12
-39.1   0.13
-38.3   0.14
-37.5   0.15
-36.8   0.16
-36.0   0.16
-35.0   0.2
-34.0   0.22
-33.1   0.25
-32.3   0.28
-31.5   0.31
-30.5   0.35
-29.2   0.41
-28.2   0.46
-27.3   0.53
-26.5   0.59   
-25.6   0.65
-24.6   0.72
-23.5   0.82
-22.5   0.92
-21.5   1.05
-20.6   1.1
-19.8   1.2
-19.0   1.3
-18.1   1.35
-17.1   1.45
-15.9   1.55
-14.8   1.65
-13.8   1.65
-13.2   1.66
-12.5   1.55
-11.8   1.5
-11.0   1.4
-10.2   1.3
-9.3    1.25
-8.3    1.15
-7.4    1.1
-6.4    1.0
-5.3    0.95
-4.2    0.86
-3.3    0.8
-2.5    0.73
-1.8    0.67
-0.7    0.64
0.2     0.63
1.3     0.64
2.4     0.65
3.6     0.67
4.4     0.68
5.0     0.67
5.7     0.67
6.5     0.69
7.6     0.71
8.7     0.75
9.7     0.78
10.6    0.8
11.3    0.81
12.1    0.82
13.0    0.84
13.9    0.86
14.9    0.89
16.0    0.94
17.1    1.0
18.0    1.0
18.7    1.0
19.2    1.05
20.2    1.05
21.2    1.05
22.1    1.11
23.1    1.11
24.1    1.15
24.8    1.2
25.6    1.25
26.4    1.3
27.3    1.35
28.3    1.4
29.3    1.5
30.3    1.6
31.3    1.7
32.0    1.75
32.9    1.75
33.6    1.95
34.5    2.0
35.4    2.1
36.4    2.25
37.3    2.35
38.3    2.5
39.2    2.6
40.2    2.75
41.2    2.85
42.1    2.95
43.0    3.1
43.8    3.1
44.8    3.2
45.7    3.2
46.7    3.2
47.5    3.2
48.3    3.1
49.2    3.1
50.0    3.0
50.9    2.9
51.7    2.8
52.5    2.6
53.3    2.5
54.1    2.3
54.9    2.15
55.8    2.0
56.5    1.8
57.3    1.65