#Temperatur in Celsius , Strom in Ax10^-11
-40.3   0.1
-38.5   0.13
-37.5   0.15
-36.7   0.16
-35.7   0.19
-34.6   0.21
-33.4   0.25
-32.4   0.28
-31.5   0.31
-30.6   0.35
-29.6   0.39
-28.6   0.44
-27.6   0.49
-26.6   0.54
-25.7   0.59
-24.8   0.63
-23.9   0.67
-23.1   0.67
-22.3   0.73
-21.5   0.75
-20.7   0.75
-19.8   0.76
-18.8   0.76
-17.8   0.75
-16.5   0.78
-15.5   0.75
-14.7   0.69
-14.0   0.62
-13.0   0.59
-11.7   0.55
-10.8   0.49
-10.2   0.43
-9.5    0.38
-8.5    0.36
-7.5    0.34
-6.8    0.32
-6.0    0.31
-5.0    0.31
-4.0    0.32
-3.4    0.32
-2.6    0.32
-1.5    0.335
-0.7    0.34
0.2     0.35
1.2     0.365
2.2     0.385
3.2     0.4
4.1     0.41
5.0     0.425
6.0     0.442 
7.0     0.46
7.9     0.47
8.9     0.49
9.9     0.515
10.9    0.525
11.9    0.55
13.0    0.575
14.1    0.615
15.7    0.63
16.6    0.645