$SPEC_ID:
No sample description was entered.
$SPEC_REM:
DET# 1
DETDESC# MYON MCB 337
AP# Maestro Version 6.06
$DATE_MEA:
02/15/2021 13:16:21
$MEAS_TIM:
0 117
$DATA:
0 511
       0
       0
      34
    1561
   43796
  331121
  214682
   24346
    1208
     571
     498
     387
     384
     341
     344
     280
     292
     282
     236
     267
     221
     191
     250
     226
     211
     207
     206
     196
     192
     200
     178
     176
     188
     199
     192
     178
     193
     197
     199
     185
     189
     211
     179
     208
     208
     209
     209
     222
     230
     201
     244
     231
     225
     218
     226
     244
     243
     263
     247
     254
     274
     290
     250
     253
     248
     262
     253
     232
     243
     249
     238
     237
     221
     212
     220
     238
     220
     231
     212
     232
     223
     229
     196
     200
     213
     203
     195
     201
     208
     180
     211
     223
     192
     186
     201
     224
     206
     193
     197
     192
     182
     212
     214
     185
     213
     188
     208
     186
     188
     189
     210
     203
     197
     179
     191
     208
     196
     181
     199
     194
     190
     191
     178
     221
     199
     213
     239
     194
     203
     199
     202
     194
     188
     171
     172
     147
     134
     118
     125
     120
     109
      98
     118
     105
     111
      82
     105
      74
      84
      82
      80
      96
      78
      68
      75
      85
      78
      66
      77
      74
      84
      75
      69
      75
      79
      85
      76
      69
      84
      97
     103
      92
      89
     104
     123
     137
     176
     213
     258
     329
     374
     521
     598
     740
     912
    1082
    1123
    1365
    1376
    1511
    1500
    1481
    1419
    1312
    1139
     992
     844
     671
     568
     405
     356
     225
     184
     112
      69
      49
      41
      19
      19
       8
       8
       3
       4
       3
       3
       4
       5
       0
       2
       4
       0
       1
       4
       2
       1
       4
       3
       4
       4
       1
       1
       2
       2
       3
       0
       3
       3
       1
       2
       1
       2
       1
       2
       1
       3
       3
       0
       0
       1
       1
       3
       2
       1
       1
       0
       1
       1
       1
       1
       0
       3
       3
       2
       5
       0
       0
       2
       2
       4
       1
       1
       0
       0
       1
       2
       1
       2
       1
       3
       0
       0
       1
       1
       5
       2
       0
       2
       1
       2
       2
       1
       1
       0
       2
       2
       1
       5
       4
       1
       1
       0
       2
       1
       1
       0
       0
       2
       1
       2
       4
       0
       2
       0
       0
       1
       1
       3
       1
       1
       1
       0
       0
       0
       0
       0
       2
       0
       2
       3
       0
       1
       1
       0
       2
       1
       0
       1
       0
       0
       1
       0
       1
       1
       0
       1
       0
       0
       0
       2
       0
       1
       1
       0
       1
       1
       1
       0
       2
       1
       0
       0
       1
       0
       0
       0
       0
       0
       0
       1
       1
       3
       0
       0
       0
       0
       0
       1
       0
       0
       0
       3
       2
       1
       2
       0
       0
       1
       2
       1
       1
       2
       1
       3
       0
       1
       1
       1
       2
       1
       2
       3
       0
       1
       0
       1
       2
       2
       0
       3
       4
       0
       2
       0
       1
       0
       0
       1
       0
       0
       0
       0
       0
       0
       0
       0
       0
       0
       0
       1
       0
       0
       0
       0
       0
       0
       0
       0
       0
       0
       0
       0
       0
       0
       0
       1
       0
       0
       0
       1
       0
       0
       0
       0
       0
       0
       0
       0
       0
       0
       0
       0
       1
       0
       0
       0
       0
       0
       1
       0
       0
       0
       0
       0
       0
       0
       0
       0
       0
       0
       0
       0
       0
       0
       0
       1
       0
       0
       0
       0
       0
       0
       0
       0
       1
       1
       0
       0
       0
       0
       1
       1
       1
       1
       1
       0
       1
       1
       0
       1
       1
       1
       0
$ROI:
1
178 222
$PRESETS:
Real Time
300
0
$ENER_FIT:
-2.326062 0.088583
$MCA_CAL:
3
-2.326062E+000 8.858320E-002 -1.636990E-004 micr
$SHAPE_CAL:
3
0.000000E+000 0.000000E+000 0.000000E+000
