$SPEC_ID:
No sample description was entered.
$SPEC_REM:
DET# 1
DETDESC# MYON MCB 337
AP# Maestro Version 6.06
$DATE_MEA:
02/15/2021 13:12:45
$MEAS_TIM:
0 126
$DATA:
0 511
       0
       0
      34
    1576
   43332
  327010
  206670
   21872
    1043
     584
     479
     443
     417
     391
     329
     338
     299
     297
     278
     304
     255
     221
     210
     246
     241
     234
     219
     230
     231
     201
     225
     225
     202
     221
     212
     236
     200
     225
     233
     208
     211
     208
     208
     225
     232
     233
     213
     234
     274
     220
     257
     224
     245
     239
     239
     259
     275
     291
     247
     275
     292
     292
     329
     296
     280
     286
     252
     277
     243
     246
     256
     262
     231
     230
     236
     239
     226
     206
     223
     271
     236
     223
     211
     195
     223
     209
     213
     220
     233
     227
     212
     240
     221
     216
     207
     224
     208
     202
     208
     208
     228
     214
     201
     206
     253
     197
     200
     211
     211
     216
     230
     205
     210
     237
     220
     220
     228
     188
     205
     233
     201
     200
     203
     244
     226
     201
     216
     260
     219
     202
     183
     205
     168
     199
     155
     178
     129
     123
     128
     131
     125
     106
     108
     102
     107
      94
     103
      81
      83
      86
      82
      86
      65
      81
      74
      83
      82
      69
      76
      75
      68
      65
      79
      64
      75
      85
      77
      87
      95
     120
     110
     117
     116
     144
     197
     219
     261
     330
     430
     534
     669
     780
     965
    1135
    1288
    1299
    1482
    1569
    1570
    1473
    1516
    1353
    1288
    1105
     935
     790
     635
     523
     389
     286
     208
     144
     115
      69
      34
      26
      13
       5
       7
       5
       4
       1
       4
       0
       3
       0
       4
       2
       3
       2
       0
       2
       1
       1
       4
       2
       2
       4
       3
       2
       4
       3
       0
       1
       0
       2
       3
       0
       2
       3
       0
       0
       2
       0
       0
       4
       1
       1
       0
       1
       2
       2
       0
       2
       0
       1
       0
       2
       1
       0
       1
       1
       0
       2
       0
       3
       1
       3
       2
       1
       1
       2
       3
       0
       0
       0
       1
       3
       3
       1
       2
       0
       0
       1
       1
       3
       1
       0
       1
       0
       1
       1
       1
       0
       1
       0
       0
       0
       0
       3
       0
       0
       1
       0
       1
       2
       1
       1
       0
       1
       1
       2
       1
       0
       3
       0
       3
       1
       0
       1
       0
       0
       1
       3
       1
       2
       1
       1
       0
       2
       1
       1
       0
       0
       3
       0
       1
       0
       0
       0
       2
       2
       0
       1
       1
       1
       0
       0
       2
       0
       1
       0
       0
       0
       1
       2
       0
       0
       0
       0
       0
       0
       0
       0
       2
       1
       1
       0
       1
       1
       0
       3
       1
       3
       0
       1
       2
       0
       0
       0
       4
       1
       1
       0
       0
       0
       1
       0
       2
       0
       0
       0
       0
       0
       1
       2
       0
       4
       0
       4
       1
       1
       1
       1
       1
       1
       0
       2
       1
       1
       0
       0
       1
       1
       2
       2
       1
       0
       1
       1
       1
       0
       1
       0
       1
       0
       0
       0
       0
       0
       0
       0
       0
       0
       1
       2
       0
       0
       0
       0
       0
       1
       0
       0
       0
       0
       0
       0
       0
       0
       1
       0
       0
       0
       0
       0
       0
       0
       0
       1
       1
       1
       0
       0
       0
       0
       0
       0
       0
       1
       0
       0
       0
       0
       0
       0
       0
       0
       0
       0
       0
       0
       0
       0
       0
       0
       1
       0
       0
       1
       0
       0
       0
       0
       0
       0
       0
       0
       0
       0
       0
       1
       0
       1
       0
       1
       0
       1
       0
       1
       1
       0
$ROI:
1
178 222
$PRESETS:
Real Time
300
0
$ENER_FIT:
-2.326062 0.088583
$MCA_CAL:
3
-2.326062E+000 8.858320E-002 -1.636990E-004 micr
$SHAPE_CAL:
3
0.000000E+000 0.000000E+000 0.000000E+000
