$SPEC_ID:
No sample description was entered.
$SPEC_REM:
DET# 1
DETDESC# MYON MCB 337
AP# Maestro Version 6.06
$DATE_MEA:
02/15/2021 13:19:10
$MEAS_TIM:
0 119
$DATA:
0 511
       0
       1
      37
    1540
   42685
  322371
  205443
   22454
    1158
     587
     501
     436
     375
     386
     344
     311
     291
     280
     268
     264
     230
     247
     231
     214
     229
     214
     207
     168
     210
     180
     206
     214
     213
     179
     197
     205
     200
     212
     198
     233
     186
     241
     201
     222
     222
     216
     225
     218
     244
     210
     218
     236
     258
     202
     229
     211
     252
     244
     270
     280
     267
     260
     247
     271
     269
     258
     262
     255
     256
     220
     251
     242
     234
     215
     227
     228
     225
     228
     218
     236
     212
     238
     214
     190
     204
     208
     218
     196
     204
     216
     200
     219
     243
     217
     176
     196
     202
     215
     189
     200
     187
     205
     204
     214
     209
     187
     224
     200
     203
     219
     192
     205
     200
     228
     195
     203
     201
     205
     165
     221
     226
     210
     222
     208
     193
     212
     200
     201
     216
     216
     222
     201
     175
     161
     165
     160
     128
     145
     125
     124
      90
     103
      92
     119
      74
      84
     101
      85
      84
      73
      75
      87
      66
      75
      71
      71
      57
      72
      71
      89
      76
      86
      73
      67
      78
      88
      92
      93
      91
      77
     100
      86
     122
     137
     132
     165
     207
     224
     307
     405
     526
     629
     735
     894
    1118
    1224
    1328
    1462
    1547
    1501
    1526
    1509
    1340
    1177
    1023
     933
     772
     621
     485
     371
     271
     200
     120
      75
      47
      40
      18
      15
       9
       5
       3
       2
       3
       3
       1
       2
       2
       2
       4
       3
       2
       3
       2
       3
       2
       2
       0
       3
       2
       1
       1
       1
       1
       2
       3
       2
       4
       1
       3
       0
       1
       3
       1
       2
       1
       4
       3
       0
       2
       3
       0
       1
       3
       0
       3
       1
       4
       2
       1
       0
       1
       1
       4
       1
       3
       3
       2
       0
       1
       0
       1
       2
       3
       1
       0
       1
       1
       1
       0
       0
       0
       2
       2
       0
       0
       0
       1
       1
       0
       0
       4
       0
       1
       3
       0
       0
       2
       0
       3
       1
       0
       1
       1
       2
       1
       0
       0
       2
       0
       0
       0
       1
       2
       2
       1
       0
       2
       1
       0
       0
       1
       0
       0
       1
       0
       0
       2
       0
       1
       1
       2
       1
       0
       1
       0
       2
       0
       2
       1
       0
       0
       0
       3
       0
       1
       1
       2
       1
       0
       1
       1
       0
       0
       0
       0
       2
       1
       2
       2
       1
       0
       0
       1
       1
       1
       2
       0
       1
       1
       0
       1
       0
       0
       0
       1
       0
       2
       0
       0
       0
       1
       0
       1
       1
       2
       1
       1
       1
       0
       2
       1
       2
       1
       4
       1
       1
       1
       2
       1
       0
       0
       0
       2
       2
       3
       1
       3
       1
       2
       0
       0
       0
       0
       0
       0
       0
       0
       0
       2
       0
       1
       0
       0
       0
       0
       0
       2
       0
       0
       0
       0
       0
       1
       0
       0
       0
       0
       0
       0
       0
       0
       0
       0
       0
       0
       0
       0
       0
       0
       0
       0
       1
       0
       0
       0
       0
       0
       0
       0
       0
       0
       0
       0
       0
       0
       0
       1
       0
       0
       0
       0
       0
       0
       0
       0
       0
       0
       0
       0
       0
       0
       0
       0
       0
       0
       0
       0
       0
       0
       0
       0
       0
       0
       0
       0
       0
       0
       0
       0
       0
       1
       0
       0
       0
       0
       0
       0
       2
       1
       2
       1
       0
$ROI:
1
178 222
$PRESETS:
Real Time
300
0
$ENER_FIT:
-2.326062 0.088583
$MCA_CAL:
3
-2.326062E+000 8.858320E-002 -1.636990E-004 micr
$SHAPE_CAL:
3
0.000000E+000 0.000000E+000 0.000000E+000
