1010.000 1.997
1020.000 1.328
1030.000 1.260
1040.000 1.193
1050.000 1.169
1060.000 1.154
1070.000 1.162
1080.000 1.202
1090.000 1.299
1100.000 1.380
1110.000 1.592
1120.000 1.773
1130.000 2.297
1140.000 3.362
1150.000 4.204
1160.000 5.910
1170.000 3.864
1180.000 2.748
1190.000 1.856
1200.000 1.604
1210.000 1.301
1220.000 1.206
1230.000 1.075
1240.000 1.006
1250.000 0.986
1260.000 0.973
1270.000 0.989
1280.000 1.014
1290.000 1.091
1300.000 1.147
1310.000 1.299
1320.000 1.410
1330.000 1.723
1340.000 2.253
1350.000 2.662
1360.000 4.054
1370.000 6.706
1380.000 8.273
1390.000 7.218
1400.000 4.933
1410.000 3.339
1420.000 2.605
1430.000 2.384
1440.000 2.086
1450.000 1.981
1460.000 1.857
1470.000 1.781
1480.000 1.767
1490.000 1.769
1500.000 1.786
1510.000 1.863
1520.000 1.919
1530.000 2.087
1540.000 2.359
1550.000 2.546
1560.000 3.097
1570.000 3.496
1580.000 4.803
1590.000 6.913
1600.000 7.793
1610.000 5.796
1620.000 3.041
1630.000 2.464
1640.000 2.071
1650.000 1.654
1660.000 1.519
1670.000 1.522
1680.000 1.545
1690.000 1.610
1700.000 1.653
1710.000 1.746
1720.000 1.803
1730.000 1.968
1740.000 2.086
1750.000 2.404
1760.000 2.916
1770.000 3.846
1780.000 4.564
1790.000 6.895
1800.000 8.670
1810.000 11.316
1820.000 9.795
1830.000 5.611
1840.000 4.682
1850.000 3.619
1860.000 3.059
1870.000 2.737
1880.000 2.636
1890.000 2.516
1900.000 2.495
1910.000 2.512
1920.000 2.625
1930.000 2.724
1940.000 3.050
1950.000 3.303
1960.000 4.073
1970.000 4.697
1980.000 6.509
1990.000 7.762
2000.000 6.678
2010.000 3.453
2020.000 2.219
2030.000 1.847
2040.000 1.408
2050.000 1.269
2060.000 1.087
2070.000 1.039
2080.000 1.050
2090.000 1.204
2100.000 1.370
2110.000 1.904
2120.000 2.229
2130.000 2.172
2140.000 1.269
2150.000 1.045
2160.000 0.794
2170.000 0.716
2180.000 0.615
2190.000 0.553
2200.000 0.531
2210.000 0.499
2220.000 0.485
2230.000 0.464
2240.000 0.458
2250.000 0.444
2260.000 0.432
2270.000 0.431
2280.000 0.422
2290.000 0.418
2300.000 0.413
2310.000 0.409
2320.000 0.409
2330.000 0.407
2340.000 0.405
2350.000 0.405
2360.000 0.405
2370.000 0.403
2380.000 0.403
2390.000 0.402
2400.000 0.401
2410.000 0.401
2420.000 0.399
2430.000 0.398
2440.000 0.399
2450.000 0.401
2460.000 0.399
2470.000 0.400
2480.000 0.399
2490.000 0.399
2500.000 0.402
2510.000 0.404
2520.000 0.398
2530.000 0.397
2540.000 0.399
2550.000 0.404
2560.000 0.405
2570.000 0.402
2580.000 0.401
2590.000 0.406
2600.000 0.405
2610.000 0.402
2620.000 0.404
2630.000 0.405
2640.000 0.403
2650.000 0.400
2660.000 0.402
2670.000 0.404
2680.000 0.402
2690.000 0.403
2700.000 0.399
2710.000 0.400
2720.000 0.401
2730.000 0.402
2740.000 0.401
2750.000 0.400
2760.000 0.402
2770.000 0.404
2780.000 0.401
2790.000 0.401
2800.000 0.401
2810.000 0.403
2820.000 0.403
2830.000 0.403
2840.000 0.404
2850.000 0.405
2860.000 0.405
2870.000 0.404
2880.000 0.407
2890.000 0.400
2900.000 0.403
2910.000 0.404
2920.000 0.404
2930.000 0.398
2940.000 0.402
2950.000 0.403
2960.000 0.400
2970.000 0.409
2980.000 0.410
2990.000 0.399
3000.000 0.402
3010.000 0.411
3020.000 0.410
3030.000 0.409
3040.000 0.411
3050.000 0.413
3060.000 0.405
3070.000 0.407
3080.000 0.406
3090.000 0.404
3100.000 0.405
3110.000 0.407
3120.000 0.405
3130.000 0.407
3140.000 0.407
3150.000 0.406
3160.000 0.404
3170.000 0.404
3180.000 0.410
3190.000 0.409
3200.000 0.410
3210.000 0.410
3220.000 0.411
3230.000 0.410
3240.000 0.411
3250.000 0.408
3260.000 0.410
3270.000 0.408
3280.000 0.414
3290.000 0.417
3300.000 0.418
3310.000 0.434
3320.000 0.443
3330.000 0.492
3340.000 0.533
3350.000 0.740
3360.000 0.940
3370.000 1.761
3380.000 2.596
3390.000 5.179
3400.000 6.043
3410.000 5.983
3420.000 6.590
3430.000 8.969
3440.000 10.672
3450.000 11.748
3460.000 7.565
3470.000 6.369
3480.000 5.153
3490.000 4.892
3500.000 4.768
3510.000 4.891
3520.000 5.528
3530.000 6.069
3540.000 7.942
3550.000 10.356
3560.000 10.149
3570.000 8.343
3580.000 6.782
3590.000 5.002
3600.000 4.155
3610.000 3.923
3620.000 3.718
3630.000 3.719
3640.000 3.923
3650.000 4.451
3660.000 4.855
3670.000 6.227
3680.000 7.208
3690.000 9.429
3700.000 9.561
3710.000 6.604
3720.000 5.577
3730.000 4.234
3740.000 3.833
3750.000 3.331
3760.000 3.175
3770.000 3.008
3780.000 2.993
3790.000 3.078
3800.000 3.382
3810.000 3.962
3820.000 4.419
3830.000 5.056
3840.000 6.477
3850.000 6.426
3860.000 4.111
3870.000 3.348
3880.000 2.467
3890.000 2.176
3900.000 1.825
3910.000 1.722
3920.000 1.590
3930.000 1.552
3940.000 1.568
3950.000 1.659
3960.000 1.858
3970.000 2.011
3980.000 2.216
3990.000 2.881
4000.000 3.903
4010.000 4.634
4020.000 4.288
4030.000 2.836
4040.000 2.387
4050.000 1.788
4060.000 1.470
4070.000 1.369
4080.000 1.218
4090.000 1.170
4100.000 1.101
4110.000 1.087
4120.000 1.073
4130.000 1.081
4140.000 1.130
4150.000 1.242
4160.000 1.330
4170.000 1.584
4180.000 1.761
4190.000 2.004
4200.000 1.526
4210.000 1.163
4220.000 0.757
4230.000 0.656
4240.000 0.541
4250.000 0.481
4260.000 0.458
4270.000 0.453
4280.000 0.458
4290.000 0.466
4300.000 0.491
4310.000 0.520
4320.000 0.591
4330.000 0.649
4340.000 0.835
4350.000 1.163
4360.000 1.353
4370.000 1.482
4380.000 1.108
4390.000 0.964
4400.000 0.792
4410.000 0.695
4420.000 0.665
4430.000 0.646
4440.000 0.617
4450.000 0.604
4460.000 0.597
4470.000 0.598
4480.000 0.600
4490.000 0.605
4500.000 0.606
4510.000 0.589
4520.000 0.433
4530.000 0.090
4540.000 0.049
4550.000 0.180
4560.000 0.218
4570.000 0.267
4580.000 0.281
4590.000 0.301
4600.000 0.312
4610.000 0.332
4620.000 0.363
4630.000 0.428
4640.000 0.491
4650.000 0.628
4660.000 0.656
4670.000 0.586
4680.000 0.544
4690.000 0.501
4700.000 0.484
4710.000 0.459
4720.000 0.444
4730.000 0.407
4740.000 0.393
4750.000 0.385
4760.000 0.394
4770.000 0.402
4780.000 0.405
4790.000 0.408
4800.000 0.404
4810.000 0.410
4820.000 0.409
4830.000 0.410
4840.000 0.413
4850.000 0.409
4860.000 0.414
4870.000 0.413
4880.000 0.410
4890.000 0.409
4900.000 0.409
4910.000 0.412
4920.000 0.411
4930.000 0.409
4940.000 0.409
4950.000 0.413
4960.000 0.416
4970.000 0.409
4980.000 0.409
4990.000 0.406
5000.000 0.411
5010.000 0.405
5020.000 0.420
5030.000 0.420
5040.000 0.417
5050.000 0.417
5060.000 0.410
5070.000 0.414
5080.000 0.411
5090.000 0.409
5100.000 0.410
5110.000 0.409
5120.000 0.407
5130.000 0.405
5140.000 0.408
5150.000 0.406
5160.000 0.408
5170.000 0.413
5180.000 0.410
5190.000 0.412
5200.000 0.416
5210.000 0.414
5220.000 0.413
5230.000 0.411
5240.000 0.412
5250.000 0.413
5260.000 0.416
5270.000 0.413
5280.000 0.415
5290.000 0.413
5300.000 0.416
5310.000 0.413
5320.000 0.413
5330.000 0.414
5340.000 0.416
5350.000 0.421
5360.000 0.420
5370.000 0.419
5380.000 0.419
5390.000 0.421
5400.000 0.417
5410.000 0.420
5420.000 0.420
5430.000 0.416
5440.000 0.418
5450.000 0.415
5460.000 0.412
5470.000 0.408
5480.000 0.411
5490.000 0.411
5500.000 0.410
5510.000 0.407
5520.000 0.411
5530.000 0.409
5540.000 0.411
5550.000 0.411
5560.000 0.411
5570.000 0.412
5580.000 0.413
5590.000 0.414
5600.000 0.414
5610.000 0.409
5620.000 0.410
5630.000 0.412
5640.000 0.411
5650.000 0.408
5660.000 0.407
5670.000 0.407
5680.000 0.411
5690.000 0.411
5700.000 0.415
5710.000 0.415
5720.000 0.418
5730.000 0.420
5740.000 0.419
5750.000 0.421
5760.000 0.418
5770.000 0.417
5780.000 0.417
5790.000 0.418
5800.000 0.416
5810.000 0.413
5820.000 0.412
5830.000 0.413
5840.000 0.411
5850.000 0.409
5860.000 0.413
5870.000 0.412
5880.000 0.414
5890.000 0.411
5900.000 0.415
5910.000 0.417
5920.000 0.416
5930.000 0.418
5940.000 0.416
5950.000 0.415
5960.000 0.422
5970.000 0.413
5980.000 0.416
5990.000 0.411
6000.000 0.418
6010.000 0.414
6020.000 0.417
6030.000 0.407
6040.000 0.411
6050.000 0.403
6060.000 0.415
6070.000 0.410
6080.000 0.416
6090.000 0.416
6100.000 0.417
6110.000 0.416
6120.000 0.417
6130.000 0.418
6140.000 0.415
6150.000 0.415
6160.000 0.415
6170.000 0.411
6180.000 0.410
6190.000 0.411
6200.000 0.411
6210.000 0.411
6220.000 0.411
6230.000 0.412
6240.000 0.414
6250.000 0.413
6260.000 0.414
6270.000 0.417
6280.000 0.416
6290.000 0.418
6300.000 0.420
6310.000 0.424
6320.000 0.422
6330.000 0.416
6340.000 0.412
6350.000 0.413
6360.000 0.413
6370.000 0.411
6380.000 0.411
6390.000 0.412
6400.000 0.410
6410.000 0.409
6420.000 0.413
6430.000 0.415
6440.000 0.413
6450.000 0.412
6460.000 0.416
6470.000 0.416
6480.000 0.416
6490.000 0.417
6500.000 0.415
6510.000 0.418
6520.000 0.416
6530.000 0.412
6540.000 0.413
6550.000 0.410
6560.000 0.411
6570.000 0.412
6580.000 0.409
6590.000 0.412
6600.000 0.411
6610.000 0.413
6620.000 0.420
6630.000 0.416
6640.000 0.421
6650.000 0.423
6660.000 0.430
6670.000 0.432
6680.000 0.443
6690.000 0.465
6700.000 0.486
6710.000 0.543
6720.000 0.605
6730.000 0.824
6740.000 1.202
6750.000 1.407
6760.000 1.540
6770.000 1.822
6780.000 2.209
6790.000 3.236
6800.000 3.451
6810.000 3.060
6820.000 2.951
6830.000 3.172
6840.000 3.865
6850.000 4.440
6860.000 5.592
6870.000 5.311
6880.000 4.488
6890.000 3.450
6900.000 3.223
6910.000 3.059
6920.000 3.318
6930.000 3.589
6940.000 4.010
6950.000 5.202
6960.000 5.766
6970.000 4.671
6980.000 4.111
6990.000 3.516
7000.000 3.378
7010.000 3.381
7020.000 3.698
7030.000 3.986
7040.000 4.415
7050.000 5.390
7060.000 5.626
7070.000 5.023
7080.000 3.447
7090.000 2.589
7100.000 2.296
7110.000 1.970
7120.000 1.841
7130.000 1.828
7140.000 1.951
7150.000 2.086
7160.000 2.491
7170.000 3.034
7180.000 3.109
7190.000 2.565
7200.000 2.154
7210.000 1.681
7220.000 1.556
7230.000 1.383
7240.000 1.326
7250.000 1.326
7260.000 1.375
7270.000 1.521
7280.000 1.633
7290.000 1.959
7300.000 2.151
7310.000 2.351
7320.000 1.878
7330.000 1.522
7340.000 1.255
7350.000 0.926
7360.000 0.725
7370.000 0.611
7380.000 0.577
7390.000 0.511
7400.000 0.490
7410.000 0.466
7420.000 0.458
7430.000 0.512
7440.000 0.580
7450.000 0.736
7460.000 0.752
7470.000 0.723
7480.000 0.673
7490.000 0.658
7500.000 0.647
7510.000 0.655
7520.000 0.676
7530.000 0.724
7540.000 0.759
7550.000 0.860
7560.000 0.945
7570.000 0.925
7580.000 0.716
7590.000 0.518
7600.000 0.462
7610.000 0.392
7620.000 0.367
7630.000 0.324
7640.000 0.270
7650.000 0.228
7660.000 0.195
7670.000 0.237
7680.000 0.381
7690.000 0.433
7700.000 0.446
7710.000 0.467
7720.000 0.471
7730.000 0.470
7740.000 0.454
7750.000 0.433
7760.000 0.418
7770.000 0.416
7780.000 0.414
7790.000 0.412
7800.000 0.411
7810.000 0.408
7820.000 0.410
7830.000 0.406
7840.000 0.407
7850.000 0.408
7860.000 0.408
7870.000 0.409
7880.000 0.406
7890.000 0.410
7900.000 0.416
7910.000 0.413
7920.000 0.416
7930.000 0.419
7940.000 0.413
7950.000 0.414
7960.000 0.416
7970.000 0.407
7980.000 0.406
7990.000 0.407
8000.000 0.400
8010.000 0.402
8020.000 0.405
8030.000 0.404
8040.000 0.409
8050.000 0.404
8060.000 0.409
8070.000 0.413
8080.000 0.413
8090.000 0.414
8100.000 0.417
8110.000 0.417
8120.000 0.416
8130.000 0.412
8140.000 0.415
8150.000 0.408
8160.000 0.405
8170.000 0.407
8180.000 0.402
8190.000 0.405
8200.000 0.403
8210.000 0.406
8220.000 0.405
8230.000 0.407
8240.000 0.409
8250.000 0.413
8260.000 0.408
8270.000 0.412
8280.000 0.414
8290.000 0.417
8300.000 0.416
8310.000 0.414
8320.000 0.411
8330.000 0.410
8340.000 0.406
8350.000 0.405
8360.000 0.404
8370.000 0.402
8380.000 0.404
8390.000 0.404
8400.000 0.403
8410.000 0.406
8420.000 0.406
8430.000 0.406
8440.000 0.408
8450.000 0.412
8460.000 0.411
8470.000 0.411
8480.000 0.412
8490.000 0.412
8500.000 0.410
8510.000 0.408
8520.000 0.408
8530.000 0.405
8540.000 0.402
8550.000 0.403
8560.000 0.403
8570.000 0.403
8580.000 0.402
8590.000 0.403
8600.000 0.402
8610.000 0.411
8620.000 0.408
8630.000 0.408
8640.000 0.409
8650.000 0.412
8660.000 0.409
8670.000 0.411
8680.000 0.411
8690.000 0.409
8700.000 0.403
8710.000 0.407
8720.000 0.405
8730.000 0.401
8740.000 0.399
8750.000 0.397
8760.000 0.402
8770.000 0.402
8780.000 0.401
8790.000 0.402
8800.000 0.407
8810.000 0.407
8820.000 0.405
8830.000 0.423
8840.000 0.410
8850.000 0.411
8860.000 0.408
8870.000 0.409
8880.000 0.410
8890.000 0.405
8900.000 0.400
8910.000 0.399
8920.000 0.402
8930.000 0.400
8940.000 0.399
8950.000 0.401
8960.000 0.405
8970.000 0.402
8980.000 0.399
8990.000 0.405
9000.000 0.406
9010.000 0.407
9020.000 0.408
9030.000 0.408
9040.000 0.406
9050.000 0.403
9060.000 0.402
9070.000 0.401
9080.000 0.395
9090.000 0.399
9100.000 0.400
9110.000 0.398
9120.000 0.399
9130.000 0.402
9140.000 0.400
9150.000 0.405
9160.000 0.406
9170.000 0.408
9180.000 0.407
9190.000 0.409
9200.000 0.406
9210.000 0.409
9220.000 0.407
9230.000 0.406
9240.000 0.403
9250.000 0.399
9260.000 0.401
9270.000 0.395
9280.000 0.394
9290.000 0.396
9300.000 0.399
9310.000 0.401
9320.000 0.400
9330.000 0.402
9340.000 0.402
9350.000 0.405
9360.000 0.403
9370.000 0.409
9380.000 0.405
9390.000 0.407
9400.000 0.404
9410.000 0.404
9420.000 0.400
9430.000 0.398
9440.000 0.397
9450.000 0.399
9460.000 0.395
9470.000 0.395
9480.000 0.399
9490.000 0.397
9500.000 0.399
9510.000 0.401
9520.000 0.398
9530.000 0.403
9540.000 0.403
9550.000 0.403
9560.000 0.403
9570.000 0.403
9580.000 0.403
9590.000 0.402
9600.000 0.400
9610.000 0.400
9620.000 0.398
9630.000 0.395
9640.000 0.393
9650.000 0.395
9660.000 0.390
9670.000 0.394
9680.000 0.397
9690.000 0.398
9700.000 0.401
9710.000 0.400
9720.000 0.404
9730.000 0.403
9740.000 0.401
9750.000 0.405
9760.000 0.402
9770.000 0.400
9780.000 0.399
9790.000 0.395
9800.000 0.398
9810.000 0.394
9820.000 0.393
9830.000 0.392
9840.000 0.391
9850.000 0.395
9860.000 0.396
9870.000 0.394
9880.000 0.398
9890.000 0.401
9900.000 0.400
9910.000 0.398
9920.000 0.402
9930.000 0.400
9940.000 0.404
9950.000 0.400
9960.000 0.391
9970.000 0.395
9980.000 0.386
9990.000 0.388
10000.000 0.388
10010.000 0.386
10020.000 0.383
10030.000 0.376
10040.000 0.391
10050.000 0.418
10060.000 0.518
10070.000 0.630
10080.000 0.661
10090.000 0.703
10100.000 0.685
10110.000 0.590
10120.000 0.288
10130.000 0.177
10140.000 0.220
10150.000 0.324
10160.000 0.628
10170.000 1.043
10180.000 1.276
10190.000 1.382
10200.000 1.333
10210.000 1.278
10220.000 1.323
10230.000 1.375
10240.000 1.548
10250.000 1.750
10260.000 1.788
10270.000 1.569
10280.000 1.345
10290.000 1.025
10300.000 0.948
10310.000 0.934
10320.000 1.113
10330.000 1.449
10340.000 1.691
10350.000 1.971
10360.000 1.953
10370.000 1.740
10380.000 1.653
10390.000 1.546
10400.000 1.541
10410.000 1.568
10420.000 1.661
10430.000 1.709
10440.000 1.672
10450.000 1.523
10460.000 1.066
10470.000 0.647
10480.000 0.521
10490.000 0.363
10500.000 0.285
10510.000 0.282
10520.000 0.332
10530.000 0.508
10540.000 0.629
10550.000 0.881
10560.000 0.988
10570.000 0.985
10580.000 0.941
10590.000 0.859
10600.000 0.804
10610.000 0.786
10620.000 0.769
10630.000 0.758
10640.000 0.756
10650.000 0.737
10660.000 0.718
10670.000 0.623
10680.000 0.549
10690.000 0.336
10700.000 0.265
10710.000 0.202
10720.000 0.179
10730.000 0.180
10740.000 0.179
10750.000 0.214
10760.000 0.244
10770.000 0.340
10780.000 0.400
10790.000 0.496
10800.000 0.512
10810.000 0.514
10820.000 0.508
10830.000 0.503
10840.000 0.495
10850.000 0.484
10860.000 0.454
10870.000 0.391
10880.000 0.358
10890.000 0.335
10900.000 0.338
10910.000 0.344
10920.000 0.363
10930.000 0.376
10940.000 0.385
10950.000 0.387
10960.000 0.384
10970.000 0.390
10980.000 0.388
10990.000 0.392
11000.000 0.386
11010.000 0.390
11020.000 0.392
11030.000 0.393
11040.000 0.380
11050.000 0.384
11060.000 0.381
11070.000 0.383
11080.000 0.379
11090.000 0.379
11100.000 0.379
11110.000 0.377
11120.000 0.379
11130.000 0.383
11140.000 0.383
11150.000 0.385
11160.000 0.385
11170.000 0.385
11180.000 0.385
11190.000 0.387
11200.000 0.382
11210.000 0.382
11220.000 0.386
11230.000 0.382
11240.000 0.377
11250.000 0.379
11260.000 0.378
11270.000 0.376
11280.000 0.375
11290.000 0.377
11300.000 0.379
11310.000 0.376
11320.000 0.384
11330.000 0.382
11340.000 0.383
11350.000 0.383
11360.000 0.384
11370.000 0.381
11380.000 0.384
11390.000 0.381
11400.000 0.381
11410.000 0.380
11420.000 0.379
11430.000 0.376
11440.000 0.378
11450.000 0.373
11460.000 0.375
11470.000 0.373
11480.000 0.378
11490.000 0.380
11500.000 0.375
11510.000 0.379
11520.000 0.382
11530.000 0.382
11540.000 0.382
11550.000 0.379
11560.000 0.382
11570.000 0.379
11580.000 0.377
11590.000 0.376
11600.000 0.379
11610.000 0.373
11620.000 0.372
11630.000 0.371
11640.000 0.372
11650.000 0.374
11660.000 0.370
11670.000 0.378
11680.000 0.375
11690.000 0.373
11700.000 0.374
11710.000 0.377
11720.000 0.376
11730.000 0.379
11740.000 0.375
11750.000 0.374
11760.000 0.377
11770.000 0.374
11780.000 0.371
11790.000 0.373
11800.000 0.370
11810.000 0.374
11820.000 0.369
11830.000 0.372
11840.000 0.371
11850.000 0.369
11860.000 0.370
11870.000 0.371
11880.000 0.372
11890.000 0.373
11900.000 0.373
11910.000 0.375
11920.000 0.374
11930.000 0.373
11940.000 0.367
11950.000 0.371
11960.000 0.368
11970.000 0.369
11980.000 0.370
11990.000 0.370
12000.000 0.368
