1010.000 1.326
1020.000 2.076
1030.000 2.188
1040.000 2.564
1050.000 2.822
1060.000 3.638
1070.000 4.895
1080.000 5.456
1090.000 4.848
1100.000 3.755
1110.000 2.382
1120.000 1.742
1130.000 1.544
1140.000 1.266
1150.000 1.177
1160.000 1.044
1170.000 0.965
1180.000 0.935
1190.000 0.890
1200.000 0.885
1210.000 0.873
1220.000 0.881
1230.000 0.887
1240.000 0.898
1250.000 0.917
1260.000 0.950
1270.000 0.996
1280.000 1.030
1290.000 1.097
1300.000 1.144
1310.000 1.258
1320.000 1.397
1330.000 1.482
1340.000 1.693
1350.000 1.828
1360.000 2.181
1370.000 2.694
1380.000 3.035
1390.000 4.059
1400.000 4.787
1410.000 6.979
1420.000 9.932
1430.000 10.322
1440.000 7.376
1450.000 6.006
1460.000 4.357
1470.000 3.487
1480.000 3.175
1490.000 2.729
1500.000 2.565
1510.000 2.302
1520.000 2.122
1530.000 2.053
1540.000 1.932
1550.000 1.879
1560.000 1.802
1570.000 1.738
1580.000 1.705
1590.000 1.651
1600.000 1.624
1610.000 1.574
1620.000 1.530
1630.000 1.523
1640.000 1.529
1650.000 1.564
1660.000 1.713
1670.000 2.004
1680.000 2.213
1690.000 2.751
1700.000 3.069
1710.000 3.896
1720.000 5.067
1730.000 5.860
1740.000 8.187
1750.000 9.854
1760.000 13.809
1770.000 14.006
1780.000 11.337
1790.000 7.292
1800.000 6.180
1810.000 4.672
1820.000 3.767
1830.000 3.449
1840.000 2.941
1850.000 2.749
1860.000 2.447
1870.000 2.225
1880.000 2.139
1890.000 2.005
1900.000 1.960
1910.000 1.888
1920.000 1.843
1930.000 1.842
1940.000 1.857
1950.000 1.875
1960.000 1.941
1970.000 2.081
1980.000 2.172
1990.000 2.447
2000.000 2.628
2010.000 3.243
2020.000 3.664
2030.000 4.952
2040.000 6.935
2050.000 7.788
2060.000 6.717
2070.000 5.121
2080.000 3.308
2090.000 2.423
2100.000 2.116
2110.000 1.702
2120.000 1.548
2130.000 1.311
2140.000 1.145
2150.000 1.074
2160.000 0.962
2170.000 0.918
2180.000 0.835
2190.000 0.771
2200.000 0.745
2210.000 0.698
2220.000 0.681
2230.000 0.644
2240.000 0.617
2250.000 0.602
2260.000 0.579
2270.000 0.568
2280.000 0.547
2290.000 0.526
2300.000 0.516
2310.000 0.501
2320.000 0.498
2330.000 0.483
2340.000 0.477
2350.000 0.467
2360.000 0.461
2370.000 0.458
2380.000 0.453
2390.000 0.444
2400.000 0.440
2410.000 0.437
2420.000 0.435
2430.000 0.434
2440.000 0.429
2450.000 0.430
2460.000 0.426
2470.000 0.426
2480.000 0.423
2490.000 0.421
2500.000 0.418
2510.000 0.420
2520.000 0.421
2530.000 0.416
2540.000 0.418
2550.000 0.417
2560.000 0.419
2570.000 0.417
2580.000 0.412
2590.000 0.413
2600.000 0.413
2610.000 0.411
2620.000 0.410
2630.000 0.411
2640.000 0.411
2650.000 0.413
2660.000 0.410
2670.000 0.411
2680.000 0.403
2690.000 0.408
2700.000 0.406
2710.000 0.406
2720.000 0.409
2730.000 0.406
2740.000 0.407
2750.000 0.405
2760.000 0.408
2770.000 0.406
2780.000 0.409
2790.000 0.409
2800.000 0.406
2810.000 0.406
2820.000 0.407
2830.000 0.407
2840.000 0.405
2850.000 0.405
2860.000 0.403
2870.000 0.404
2880.000 0.405
2890.000 0.406
2900.000 0.403
2910.000 0.408
2920.000 0.408
2930.000 0.406
2940.000 0.412
2950.000 0.412
2960.000 0.413
2970.000 0.409
2980.000 0.414
2990.000 0.416
3000.000 0.411
3010.000 0.424
3020.000 0.422
3030.000 0.419
3040.000 0.418
3050.000 0.424
3060.000 0.418
3070.000 0.416
3080.000 0.418
3090.000 0.421
3100.000 0.424
3110.000 0.429
3120.000 0.427
3130.000 0.428
3140.000 0.431
3150.000 0.434
3160.000 0.437
3170.000 0.439
3180.000 0.445
3190.000 0.442
3200.000 0.451
3210.000 0.459
3220.000 0.463
3230.000 0.474
3240.000 0.478
3250.000 0.495
3260.000 0.519
3270.000 0.536
3280.000 0.572
3290.000 0.597
3300.000 0.669
3310.000 0.772
3320.000 0.837
3330.000 1.040
3340.000 1.173
3350.000 1.567
3360.000 2.274
3370.000 2.810
3380.000 4.440
3390.000 5.630
3400.000 7.853
3410.000 7.085
3420.000 6.333
3430.000 5.464
3440.000 5.293
3450.000 5.293
3460.000 5.703
3470.000 6.071
3480.000 7.183
3490.000 8.042
3500.000 10.275
3510.000 12.552
3520.000 12.952
3530.000 10.915
3540.000 9.402
3550.000 7.181
3560.000 5.814
3570.000 5.353
3580.000 4.725
3590.000 4.492
3600.000 4.202
3610.000 4.062
3620.000 4.039
3630.000 4.096
3640.000 4.173
3650.000 4.453
3660.000 4.938
3670.000 5.286
3680.000 6.264
3690.000 6.942
3700.000 8.673
3710.000 10.221
3720.000 10.322
3730.000 8.392
3740.000 7.174
3750.000 5.252
3760.000 4.120
3770.000 3.743
3780.000 3.159
3790.000 2.956
3800.000 2.645
3810.000 2.450
3820.000 2.389
3830.000 2.314
3840.000 2.297
3850.000 2.315
3860.000 2.403
3870.000 2.471
3880.000 2.693
3890.000 2.847
3900.000 3.273
3910.000 3.986
3920.000 4.471
3930.000 5.692
3940.000 6.378
3950.000 6.924
3960.000 5.458
3970.000 4.558
3980.000 3.299
3990.000 2.881
4000.000 2.318
4010.000 1.939
4020.000 1.800
4030.000 1.584
4040.000 1.506
4050.000 1.369
4060.000 1.285
4070.000 1.251
4080.000 1.192
4090.000 1.165
4100.000 1.144
4110.000 1.132
4120.000 1.133
4130.000 1.154
4140.000 1.170
4150.000 1.225
4160.000 1.313
4170.000 1.383
4180.000 1.568
4190.000 1.691
4200.000 2.037
4210.000 2.380
4220.000 2.417
4230.000 1.873
4240.000 1.478
4250.000 0.967
4260.000 0.688
4270.000 0.601
4280.000 0.495
4290.000 0.466
4300.000 0.411
4310.000 0.391
4320.000 0.379
4330.000 0.371
4340.000 0.366
4350.000 0.365
4360.000 0.366
4370.000 0.364
4380.000 0.371
4390.000 0.377
4400.000 0.387
4410.000 0.396
4420.000 0.419
4430.000 0.464
4440.000 0.498
4450.000 0.595
4460.000 0.681
4470.000 0.936
4480.000 1.275
4490.000 1.399
4500.000 1.244
4510.000 1.077
4520.000 0.862
4530.000 0.735
4540.000 0.695
4550.000 0.638
4560.000 0.618
4570.000 0.588
4580.000 0.568
4590.000 0.561
4600.000 0.551
4610.000 0.545
4620.000 0.541
4630.000 0.538
4640.000 0.535
4650.000 0.531
4660.000 0.529
4670.000 0.509
4680.000 0.427
4690.000 0.351
4700.000 0.228
4710.000 0.243
4720.000 0.305
4730.000 0.341
4740.000 0.349
4750.000 0.372
4760.000 0.374
4770.000 0.382
4780.000 0.390
4790.000 0.389
4800.000 0.392
4810.000 0.395
4820.000 0.398
4830.000 0.399
4840.000 0.399
4850.000 0.398
4860.000 0.400
4870.000 0.394
4880.000 0.397
4890.000 0.398
4900.000 0.397
4910.000 0.394
4920.000 0.397
4930.000 0.395
4940.000 0.397
4950.000 0.401
4960.000 0.397
4970.000 0.395
4980.000 0.395
4990.000 0.399
5000.000 0.403
5010.000 0.393
5020.000 0.408
5030.000 0.397
5040.000 0.405
5050.000 0.403
5060.000 0.394
5070.000 0.402
5080.000 0.401
5090.000 0.402
5100.000 0.403
5110.000 0.403
5120.000 0.406
5130.000 0.406
5140.000 0.408
5150.000 0.410
5160.000 0.412
5170.000 0.412
5180.000 0.416
5190.000 0.415
5200.000 0.416
5210.000 0.418
5220.000 0.416
5230.000 0.412
5240.000 0.414
5250.000 0.416
5260.000 0.409
5270.000 0.413
5280.000 0.411
5290.000 0.412
5300.000 0.410
5310.000 0.410
5320.000 0.410
5330.000 0.413
5340.000 0.411
5350.000 0.411
5360.000 0.409
5370.000 0.412
5380.000 0.409
5390.000 0.408
5400.000 0.407
5410.000 0.406
5420.000 0.404
5430.000 0.407
5440.000 0.407
5450.000 0.405
5460.000 0.407
5470.000 0.408
5480.000 0.406
5490.000 0.408
5500.000 0.407
5510.000 0.409
5520.000 0.414
5530.000 0.410
5540.000 0.411
5550.000 0.411
5560.000 0.410
5570.000 0.410
5580.000 0.407
5590.000 0.406
5600.000 0.407
5610.000 0.403
5620.000 0.401
5630.000 0.402
5640.000 0.406
5650.000 0.409
5660.000 0.408
5670.000 0.408
5680.000 0.409
5690.000 0.409
5700.000 0.411
5710.000 0.411
5720.000 0.412
5730.000 0.414
5740.000 0.413
5750.000 0.413
5760.000 0.407
5770.000 0.406
5780.000 0.405
5790.000 0.409
5800.000 0.402
5810.000 0.405
5820.000 0.408
5830.000 0.407
5840.000 0.411
5850.000 0.408
5860.000 0.406
5870.000 0.414
5880.000 0.413
5890.000 0.411
5900.000 0.411
5910.000 0.413
5920.000 0.411
5930.000 0.413
5940.000 0.412
5950.000 0.414
5960.000 0.406
5970.000 0.403
5980.000 0.401
5990.000 0.412
6000.000 0.414
6010.000 0.413
6020.000 0.406
6030.000 0.406
6040.000 0.415
6050.000 0.403
6060.000 0.416
6070.000 0.407
6080.000 0.409
6090.000 0.412
6100.000 0.407
6110.000 0.408
6120.000 0.410
6130.000 0.408
6140.000 0.406
6150.000 0.407
6160.000 0.407
6170.000 0.402
6180.000 0.405
6190.000 0.407
6200.000 0.402
6210.000 0.409
6220.000 0.412
6230.000 0.412
6240.000 0.415
6250.000 0.414
6260.000 0.412
6270.000 0.417
6280.000 0.416
6290.000 0.413
6300.000 0.408
6310.000 0.406
6320.000 0.409
6330.000 0.407
6340.000 0.410
6350.000 0.407
6360.000 0.405
6370.000 0.406
6380.000 0.408
6390.000 0.410
6400.000 0.412
6410.000 0.408
6420.000 0.418
6430.000 0.414
6440.000 0.415
6450.000 0.414
6460.000 0.416
6470.000 0.414
6480.000 0.412
6490.000 0.413
6500.000 0.414
6510.000 0.412
6520.000 0.413
6530.000 0.413
6540.000 0.412
6550.000 0.412
6560.000 0.416
6570.000 0.419
6580.000 0.423
6590.000 0.427
6600.000 0.432
6610.000 0.435
6620.000 0.443
6630.000 0.449
6640.000 0.462
6650.000 0.467
6660.000 0.487
6670.000 0.519
6680.000 0.535
6690.000 0.594
6700.000 0.639
6710.000 0.762
6720.000 0.999
6730.000 1.176
6740.000 1.718
6750.000 2.161
6760.000 3.014
6770.000 2.949
6780.000 2.680
6790.000 2.494
6800.000 2.521
6810.000 2.851
6820.000 3.585
6830.000 4.138
6840.000 5.511
6850.000 6.094
6860.000 5.831
6870.000 4.672
6880.000 4.232
6890.000 3.749
6900.000 3.634
6910.000 3.583
6920.000 3.757
6930.000 3.916
6940.000 4.514
6950.000 4.936
6960.000 6.057
6970.000 7.483
6980.000 7.874
6990.000 7.112
7000.000 6.192
7010.000 4.568
7020.000 3.660
7030.000 3.349
7040.000 2.908
7050.000 2.775
7060.000 2.640
7070.000 2.632
7080.000 2.682
7090.000 2.889
7100.000 3.093
7110.000 3.655
7120.000 4.418
7130.000 4.819
7140.000 4.942
7150.000 4.479
7160.000 3.329
7170.000 2.505
7180.000 2.243
7190.000 1.892
7200.000 1.755
7210.000 1.579
7220.000 1.471
7230.000 1.437
7240.000 1.399
7250.000 1.396
7260.000 1.417
7270.000 1.487
7280.000 1.538
7290.000 1.706
7300.000 1.820
7310.000 2.143
7320.000 2.577
7330.000 2.810
7340.000 2.895
7350.000 2.655
7360.000 1.809
7370.000 1.517
7380.000 1.130
7390.000 0.876
7400.000 0.793
7410.000 0.672
7420.000 0.623
7430.000 0.552
7440.000 0.507
7450.000 0.491
7460.000 0.455
7470.000 0.445
7480.000 0.427
7490.000 0.413
7500.000 0.406
7510.000 0.407
7520.000 0.414
7530.000 0.491
7540.000 0.623
7550.000 0.688
7560.000 0.675
7570.000 0.645
7580.000 0.589
7590.000 0.560
7600.000 0.551
7610.000 0.534
7620.000 0.528
7630.000 0.531
7640.000 0.538
7650.000 0.546
7660.000 0.571
7670.000 0.585
7680.000 0.630
7690.000 0.645
7700.000 0.619
7710.000 0.511
7720.000 0.470
7730.000 0.431
7740.000 0.416
7750.000 0.411
7760.000 0.405
7770.000 0.404
7780.000 0.401
7790.000 0.401
7800.000 0.401
7810.000 0.397
7820.000 0.396
7830.000 0.401
7840.000 0.403
7850.000 0.402
7860.000 0.408
7870.000 0.407
7880.000 0.409
7890.000 0.407
7900.000 0.413
7910.000 0.408
7920.000 0.409
7930.000 0.404
7940.000 0.407
7950.000 0.406
7960.000 0.404
7970.000 0.406
7980.000 0.400
7990.000 0.397
8000.000 0.399
8010.000 0.394
8020.000 0.397
8030.000 0.400
8040.000 0.405
8050.000 0.402
8060.000 0.412
8070.000 0.408
8080.000 0.412
8090.000 0.406
8100.000 0.406
8110.000 0.409
8120.000 0.409
8130.000 0.402
8140.000 0.402
8150.000 0.400
8160.000 0.399
8170.000 0.400
8180.000 0.401
8190.000 0.401
8200.000 0.401
8210.000 0.402
8220.000 0.405
8230.000 0.405
8240.000 0.406
8250.000 0.409
8260.000 0.409
8270.000 0.407
8280.000 0.408
8290.000 0.407
8300.000 0.407
8310.000 0.406
8320.000 0.401
8330.000 0.400
8340.000 0.400
8350.000 0.398
8360.000 0.398
8370.000 0.398
8380.000 0.402
8390.000 0.399
8400.000 0.401
8410.000 0.408
8420.000 0.407
8430.000 0.406
8440.000 0.410
8450.000 0.408
8460.000 0.406
8470.000 0.408
8480.000 0.403
8490.000 0.402
8500.000 0.404
8510.000 0.398
8520.000 0.396
8530.000 0.395
8540.000 0.396
8550.000 0.397
8560.000 0.397
8570.000 0.401
8580.000 0.401
8590.000 0.405
8600.000 0.409
8610.000 0.407
8620.000 0.408
8630.000 0.407
8640.000 0.408
8650.000 0.403
8660.000 0.404
8670.000 0.406
8680.000 0.402
8690.000 0.400
8700.000 0.398
8710.000 0.396
8720.000 0.397
8730.000 0.394
8740.000 0.396
8750.000 0.396
8760.000 0.400
8770.000 0.403
8780.000 0.404
8790.000 0.402
8800.000 0.406
8810.000 0.407
8820.000 0.401
8830.000 0.391
8840.000 0.397
8850.000 0.403
8860.000 0.400
8870.000 0.395
8880.000 0.396
8890.000 0.395
8900.000 0.396
8910.000 0.394
8920.000 0.396
8930.000 0.397
8940.000 0.402
8950.000 0.403
8960.000 0.403
8970.000 0.410
8980.000 0.409
8990.000 0.409
9000.000 0.407
9010.000 0.406
9020.000 0.408
9030.000 0.404
9040.000 0.394
9050.000 0.399
9060.000 0.391
9070.000 0.392
9080.000 0.390
9090.000 0.396
9100.000 0.395
9110.000 0.395
9120.000 0.397
9130.000 0.402
9140.000 0.397
9150.000 0.404
9160.000 0.403
9170.000 0.401
9180.000 0.403
9190.000 0.400
9200.000 0.401
9210.000 0.395
9220.000 0.395
9230.000 0.396
9240.000 0.395
9250.000 0.391
9260.000 0.394
9270.000 0.391
9280.000 0.394
9290.000 0.396
9300.000 0.393
9310.000 0.403
9320.000 0.400
9330.000 0.403
9340.000 0.401
9350.000 0.404
9360.000 0.403
9370.000 0.400
9380.000 0.400
9390.000 0.401
9400.000 0.399
9410.000 0.391
9420.000 0.392
9430.000 0.391
9440.000 0.395
9450.000 0.387
9460.000 0.390
9470.000 0.393
9480.000 0.393
9490.000 0.395
9500.000 0.399
9510.000 0.399
9520.000 0.400
9530.000 0.403
9540.000 0.402
9550.000 0.403
9560.000 0.400
9570.000 0.397
9580.000 0.396
9590.000 0.396
9600.000 0.390
9610.000 0.388
9620.000 0.389
9630.000 0.389
9640.000 0.388
9650.000 0.392
9660.000 0.396
9670.000 0.396
9680.000 0.395
9690.000 0.393
9700.000 0.398
9710.000 0.397
9720.000 0.400
9730.000 0.396
9740.000 0.395
9750.000 0.394
9760.000 0.392
9770.000 0.389
9780.000 0.387
9790.000 0.390
9800.000 0.385
9810.000 0.387
9820.000 0.388
9830.000 0.389
9840.000 0.388
9850.000 0.390
9860.000 0.392
9870.000 0.392
9880.000 0.394
9890.000 0.396
9900.000 0.394
9910.000 0.392
9920.000 0.390
9930.000 0.388
9940.000 0.385
9950.000 0.377
9960.000 0.371
9970.000 0.372
9980.000 0.369
9990.000 0.362
10000.000 0.353
10010.000 0.346
10020.000 0.334
10030.000 0.312
10040.000 0.305
10050.000 0.315
10060.000 0.364
10070.000 0.597
10080.000 0.879
10090.000 0.952
10100.000 0.957
10110.000 0.960
10120.000 1.001
10130.000 1.102
10140.000 1.168
10150.000 1.376
10160.000 1.497
10170.000 1.646
10180.000 1.416
10190.000 1.199
10200.000 0.876
10210.000 0.787
10220.000 0.697
10230.000 0.711
10240.000 0.744
10250.000 0.907
10260.000 1.031
10270.000 1.363
10280.000 1.908
10290.000 2.181
10300.000 2.516
10310.000 2.510
10320.000 2.242
10330.000 2.008
10340.000 1.924
10350.000 1.836
10360.000 1.832
10370.000 1.874
10380.000 1.996
10390.000 2.083
10400.000 2.278
10410.000 2.368
10420.000 2.314
10430.000 1.872
10440.000 1.538
10450.000 1.048
10460.000 0.890
10470.000 0.636
10480.000 0.486
10490.000 0.435
10500.000 0.367
10510.000 0.345
10520.000 0.332
10530.000 0.362
10540.000 0.395
10550.000 0.506
10560.000 0.578
10570.000 0.814
10580.000 1.067
10590.000 1.146
10600.000 1.142
10610.000 1.079
10620.000 0.956
10630.000 0.849
10640.000 0.809
10650.000 0.755
10660.000 0.728
10670.000 0.690
10680.000 0.671
10690.000 0.667
10700.000 0.665
10710.000 0.668
10720.000 0.679
10730.000 0.701
10740.000 0.706
10750.000 0.694
10760.000 0.657
10770.000 0.495
10780.000 0.347
10790.000 0.293
10800.000 0.253
10810.000 0.250
10820.000 0.253
10830.000 0.263
10840.000 0.263
10850.000 0.267
10860.000 0.268
10870.000 0.285
10880.000 0.314
10890.000 0.343
10900.000 0.388
10910.000 0.395
10920.000 0.401
10930.000 0.399
10940.000 0.394
10950.000 0.398
10960.000 0.395
10970.000 0.396
10980.000 0.397
10990.000 0.388
11000.000 0.384
11010.000 0.386
11020.000 0.380
11030.000 0.387
11040.000 0.377
11050.000 0.379
11060.000 0.378
11070.000 0.377
11080.000 0.377
11090.000 0.373
11100.000 0.375
11110.000 0.385
11120.000 0.379
11130.000 0.382
11140.000 0.382
11150.000 0.383
11160.000 0.382
11170.000 0.382
11180.000 0.382
11190.000 0.379
11200.000 0.381
11210.000 0.378
11220.000 0.378
11230.000 0.378
11240.000 0.375
11250.000 0.375
11260.000 0.375
11270.000 0.375
11280.000 0.375
11290.000 0.375
11300.000 0.379
11310.000 0.381
11320.000 0.379
11330.000 0.378
11340.000 0.381
11350.000 0.381
11360.000 0.380
11370.000 0.380
11380.000 0.378
11390.000 0.377
11400.000 0.373
11410.000 0.372
11420.000 0.373
11430.000 0.374
11440.000 0.372
11450.000 0.374
11460.000 0.369
11470.000 0.371
11480.000 0.374
11490.000 0.374
11500.000 0.379
11510.000 0.375
11520.000 0.375
11530.000 0.379
11540.000 0.379
11550.000 0.377
11560.000 0.375
11570.000 0.374
11580.000 0.373
11590.000 0.370
11600.000 0.369
11610.000 0.370
11620.000 0.369
11630.000 0.370
11640.000 0.372
11650.000 0.370
11660.000 0.374
11670.000 0.372
11680.000 0.372
11690.000 0.376
11700.000 0.376
11710.000 0.372
11720.000 0.374
11730.000 0.372
11740.000 0.374
11750.000 0.372
11760.000 0.371
11770.000 0.373
11780.000 0.369
11790.000 0.369
11800.000 0.367
11810.000 0.368
11820.000 0.369
11830.000 0.368
11840.000 0.370
11850.000 0.368
11860.000 0.370
11870.000 0.371
11880.000 0.372
11890.000 0.374
11900.000 0.374
11910.000 0.369
11920.000 0.370
11930.000 0.369
11940.000 0.367
11950.000 0.371
11960.000 0.366
11970.000 0.365
11980.000 0.367
11990.000 0.364
12000.000 0.367
