$SPEC_ID:
No sample description was entered.
$SPEC_REM:
DET# 1
DETDESC# MYON MCB 337
AP# Maestro Version 6.06
$DATE_MEA:
02/15/2021 10:29:21
$MEAS_TIM:
0 300
$DATA:
0 511
       0
       0
      19
     844
  123624
  967784
  602602
   64831
    1591
     183
     170
     141
     127
     125
     109
     102
     103
      88
     104
      79
      66
      88
      81
      64
      74
      72
      73
      81
      60
      73
      91
      75
      66
      69
      83
      82
      78
      77
     100
      98
      87
      93
     106
      93
     101
      92
     104
      86
     108
     106
     110
     100
     112
     112
     100
     105
     120
      94
     114
     103
     109
     101
     106
      92
      90
      94
     121
     105
     108
      94
     116
      85
     105
      84
      99
     101
      82
      90
      91
      84
      81
      71
      79
      86
      87
      76
      95
      91
      62
      76
      64
      86
      78
      85
      68
      60
      82
      67
      77
      86
      90
      73
      68
      70
      66
      62
      76
      70
      66
      72
      77
      64
      87
      68
      76
      56
      63
      61
      47
      67
      72
      62
      72
      66
      71
      60
      56
      63
      65
      70
      51
      67
      72
      56
      57
      54
      54
      53
      43
      48
      43
      45
      33
      38
      36
      39
      42
      21
      34
      29
      32
      30
      27
      20
      24
      28
      29
      32
      44
      24
      27
      27
      24
      28
      29
      32
      24
      31
      29
      26
      30
      24
      17
      28
      30
      37
      35
      33
      33
      47
      51
      80
      74
     110
     113
     155
     184
     230
     253
     268
     345
     338
     351
     369
     390
     370
     393
     354
     313
     263
     237
     192
     163
     117
      82
      66
      49
      30
      24
      16
       8
      11
       8
       4
       3
       9
       1
       1
       3
       2
       3
       2
       4
       6
       6
       6
       3
       2
       3
       4
       3
       4
       5
       4
       4
       1
       2
       3
       5
       3
       6
       3
       3
       2
       2
       4
       3
       2
       7
       6
       2
       3
       7
       4
       4
       5
       3
       5
       7
       3
       3
       2
       4
       4
       4
      10
       4
       2
       5
       2
       5
       1
       5
       1
       2
       2
       9
       2
       4
       5
       2
       3
       6
       1
       2
       3
       3
       3
       2
       3
       3
       0
       3
       4
       1
       3
       4
       2
       2
       2
       2
       1
       0
       2
       4
       3
       3
       4
       1
       3
       0
       2
       2
       1
       2
       2
       1
       1
       4
       0
       2
       3
       4
       3
       1
       4
       5
       2
       4
       2
       3
       3
       4
       2
       3
       1
       1
       3
       3
       3
       4
       1
       0
       1
       0
       2
       0
       1
       3
       5
       2
       0
       0
       0
       2
       4
       1
       1
       1
       0
       3
       5
       1
       2
       1
       2
       2
       0
       0
       1
       0
       3
       3
       0
       1
       0
       3
       2
       1
       0
       2
       1
       0
       0
       0
       1
       2
       3
       0
       0
       3
       1
       0
       3
       5
       0
       4
       1
       1
       4
       2
       1
       2
       3
       1
       3
       1
       2
       6
       2
       2
       1
       2
       3
       3
       2
       1
       3
       2
       2
       1
       2
       2
       3
       2
       2
       0
       0
       1
       1
       1
       0
       1
       1
       0
       0
       0
       0
       0
       0
       1
       1
       3
       1
       1
       0
       0
       1
       0
       1
       0
       0
       0
       0
       0
       0
       0
       0
       0
       0
       0
       0
       0
       0
       1
       0
       0
       0
       0
       0
       0
       0
       0
       1
       1
       0
       1
       0
       1
       0
       0
       0
       0
       0
       0
       0
       2
       1
       1
       0
       0
       0
       0
       0
       0
       0
       1
       0
       0
       0
       0
       3
       1
       3
       0
       2
       1
       0
       0
       0
       0
       0
$ROI:
1
178 222
$PRESETS:
Real Time
300
0
$ENER_FIT:
-2.326062 0.088583
$MCA_CAL:
3
-2.326062E+000 8.858320E-002 -1.636990E-004 micr
$SHAPE_CAL:
3
0.000000E+000 0.000000E+000 0.000000E+000
