$SPEC_ID:
No sample description was entered.
$SPEC_REM:
DET# 1
DETDESC# MYON MCB 337
AP# Maestro Version 6.06
$DATE_MEA:
02/15/2021 10:36:59
$MEAS_TIM:
0 300
$DATA:
0 511
       0
       0
      16
    1043
  119473
  942357
  594659
   64492
    1580
     264
     242
     203
     187
     175
     143
     142
     147
     129
     129
     105
     115
     124
      87
     117
     108
     113
     106
      95
      97
     100
      97
     104
     117
     117
     114
     113
     120
     122
     102
     130
     122
     112
     134
     128
     133
     123
     133
     132
     140
     130
     139
     126
     141
     143
     136
     150
     139
     136
     117
     145
     135
     133
     140
     142
     141
     139
     133
     132
     134
     117
     132
     124
     125
     123
     114
     120
     124
      98
     120
     101
     110
     124
     114
     128
     109
      96
     101
     104
     109
     114
      82
     108
      90
      92
     100
      96
     113
     110
     119
     100
      92
      97
      93
      95
     100
      98
      99
      95
      99
      93
      98
      95
      91
      98
      98
      87
      96
      86
      83
      84
     100
      74
     103
      88
      96
     101
      84
      88
      92
     100
      96
      98
      82
      87
     101
      99
      64
      87
      67
      83
      75
      59
      50
      45
      49
      36
      63
      54
      43
      41
      42
      35
      40
      32
      51
      38
      43
      42
      41
      36
      33
      35
      39
      41
      40
      42
      37
      35
      33
      28
      40
      48
      43
      60
      55
      49
      55
      55
      62
      88
      95
     112
     152
     181
     236
     277
     330
     352
     394
     461
     537
     628
     635
     653
     643
     590
     542
     544
     421
     353
     321
     237
     193
     134
     113
      85
      60
      34
      36
      21
      10
       6
       7
       9
       6
       7
       1
       5
       8
       5
       8
       1
       4
       7
       2
       4
       4
       4
       4
       9
       6
       5
       4
       3
       4
       7
       6
       5
       6
       4
       2
       3
       4
       1
       1
       2
       2
       4
       3
       3
       0
       3
       8
       4
       1
       1
       3
       3
       4
       3
       4
       4
       4
       1
       5
       4
       4
       4
       7
       2
       2
       4
       2
       1
       3
       3
       1
       2
       2
       4
       4
       3
       3
       1
       0
       6
       4
       1
       3
       2
       6
       0
       2
       6
       0
       3
       3
       0
       3
       5
       5
       5
       4
       1
       5
       3
       2
       3
       5
       0
       4
       1
       2
       2
       2
       2
       5
       2
       4
       2
       1
       2
       1
       2
       1
       1
       3
       1
       6
       3
       3
       7
       3
       3
       4
       3
       1
       2
       1
       0
       4
       5
       0
       2
       3
       1
       1
       2
       1
       2
       1
       2
       3
       0
       1
       3
       4
       0
       2
       2
       1
       3
       1
       2
       1
       0
       0
       1
       4
       1
       2
       0
       0
       2
       1
       1
       1
       1
       0
       3
       3
       1
       2
       2
       1
       3
       2
       2
       4
       0
       1
       1
       1
       3
       2
       1
       0
       2
       1
       4
       2
       4
       2
       3
       3
       2
       2
       2
       1
       4
       4
       1
       0
       4
       1
       3
       4
       3
       0
       1
       1
       0
       1
       3
       1
       1
       2
       0
       1
       1
       3
       1
       0
       0
       2
       1
       2
       0
       0
       1
       0
       1
       1
       0
       1
       0
       0
       0
       0
       0
       0
       1
       0
       2
       1
       1
       0
       0
       0
       0
       0
       0
       3
       0
       0
       0
       0
       0
       2
       0
       0
       0
       0
       0
       0
       0
       0
       0
       0
       0
       0
       0
       0
       0
       2
       0
       0
       0
       0
       0
       1
       0
       0
       0
       0
       0
       0
       0
       0
       0
       2
       1
       0
       0
       0
       1
       1
       0
       2
       1
       0
       1
$ROI:
1
178 222
$PRESETS:
Real Time
300
0
$ENER_FIT:
-2.326062 0.088583
$MCA_CAL:
3
-2.326062E+000 8.858320E-002 -1.636990E-004 micr
$SHAPE_CAL:
3
0.000000E+000 0.000000E+000 0.000000E+000
