$SPEC_ID:
No sample description was entered.
$SPEC_REM:
DET# 1
DETDESC# MYON MCB 337
AP# Maestro Version 6.06
$DATE_MEA:
02/15/2021 13:05:49
$MEAS_TIM:
0 300
$DATA:
0 511
       0
       0
      15
     830
   94443
  837151
  545730
   59869
    1463
     226
     221
     168
     175
     137
     152
     129
     120
     129
     104
     108
      97
      99
      81
     104
      88
      98
      79
      92
      71
      81
     111
      97
      99
      86
     114
      97
     106
     112
     115
     108
     137
     109
     118
     110
     125
     114
     131
     132
     136
     149
     117
     146
     133
     149
     136
     128
     140
     128
     151
     143
     128
     149
     123
     156
     134
     120
      95
     123
     109
     133
     115
      96
     127
     129
     120
     107
     107
     119
     113
     116
      97
     103
      99
      99
      85
      91
      99
     101
      95
      93
      74
     108
      98
      75
      85
      91
      68
     100
     110
     105
      98
      76
      73
      85
      90
      89
      93
      83
      96
      75
      85
      82
      77
      94
      78
      79
      75
      98
      95
      99
      95
     101
      98
      63
      75
      77
      76
      94
      87
      79
      78
     106
      91
      72
      66
      83
      67
      60
      60
      47
      50
      42
      39
      33
      52
      45
      39
      48
      38
      49
      42
      35
      33
      45
      43
      30
      29
      45
      38
      40
      25
      32
      40
      42
      38
      34
      44
      37
      47
      39
      47
      42
      56
      49
      42
      50
      65
      72
     105
     131
     155
     209
     235
     294
     338
     346
     443
     472
     502
     520
     535
     547
     502
     503
     415
     334
     305
     283
     199
     159
     131
      99
      71
      44
      37
      25
      13
      10
       8
       8
      12
       3
       3
       4
       7
       3
       5
       5
       6
       1
       7
       6
       4
       2
       3
       6
       4
       3
       3
       8
       6
       0
       4
       2
       2
       4
       1
       3
       2
       4
       6
       3
       5
       1
       1
       4
       3
       4
       2
       4
       5
       2
       2
       3
       3
       1
       5
       3
       7
       2
       4
       4
       3
       7
       4
       5
       1
       4
       2
       2
       5
       1
       1
       3
       3
       2
       7
       2
       5
       2
       2
       4
       2
       3
       0
       1
       4
       3
       3
       4
       3
       3
       1
       2
       3
       3
       2
       4
       2
       1
       2
       1
       3
       3
       4
       4
       2
       1
       3
       2
       5
       4
       7
       2
       3
       2
       3
       3
       0
       3
       2
       2
       4
       1
       1
       2
       2
       4
       1
       0
       2
       0
       3
       2
       1
       3
       1
       1
       1
       3
       3
       1
       0
       1
       2
       0
       2
       1
       1
       1
       1
       3
       3
       1
       3
       2
       1
       1
       2
       1
       1
       1
       1
       0
       3
       1
       2
       0
       2
       0
       1
       2
       0
       2
       1
       1
       1
       1
       0
       0
       0
       3
       2
       1
       0
       1
       2
       1
       1
       4
       1
       2
       3
       3
       3
       2
       6
       2
       3
       2
       4
       1
       5
       2
       1
       3
       5
       3
       0
       4
       2
       2
       1
       0
       1
       2
       4
       2
       2
       1
       0
       5
       0
       0
       1
       0
       1
       2
       1
       0
       0
       1
       1
       0
       0
       0
       2
       0
       0
       1
       0
       2
       0
       0
       2
       0
       0
       0
       0
       0
       1
       0
       3
       1
       0
       0
       0
       0
       0
       0
       0
       0
       0
       0
       0
       0
       0
       0
       0
       1
       0
       0
       0
       0
       0
       0
       0
       0
       0
       0
       0
       0
       0
       0
       0
       0
       0
       0
       0
       0
       0
       0
       0
       0
       3
       0
       0
       0
       0
       0
       0
       0
       2
       3
       0
       1
       1
       0
       1
       5
       1
       1
$ROI:
1
178 222
$PRESETS:
Real Time
300
0
$ENER_FIT:
-2.326062 0.088583
$MCA_CAL:
3
-2.326062E+000 8.858320E-002 -1.636990E-004 micr
$SHAPE_CAL:
3
0.000000E+000 0.000000E+000 0.000000E+000
