$SPEC_ID:
No sample description was entered.
$SPEC_REM:
DET# 1
DETDESC# MYON MCB 337
AP# Maestro Version 6.06
$DATE_MEA:
02/15/2021 11:27:57
$MEAS_TIM:
0 300
$DATA:
0 511
       0
       0
      51
    2709
  111783
  892557
  577545
   64370
    2325
     881
     754
     630
     574
     510
     540
     445
     438
     448
     435
     381
     356
     354
     359
     337
     344
     325
     288
     302
     277
     297
     289
     282
     292
     306
     295
     295
     305
     320
     283
     316
     315
     351
     342
     324
     311
     334
     297
     320
     317
     340
     342
     320
     352
     351
     332
     351
     395
     370
     364
     379
     401
     374
     425
     383
     405
     402
     412
     340
     364
     357
     367
     338
     350
     327
     329
     324
     385
     348
     312
     318
     312
     333
     333
     312
     323
     318
     287
     320
     322
     312
     343
     310
     302
     300
     320
     340
     281
     305
     304
     304
     303
     283
     348
     303
     348
     293
     284
     336
     298
     324
     295
     288
     286
     302
     307
     281
     303
     294
     324
     318
     289
     294
     293
     306
     294
     300
     299
     300
     290
     288
     294
     288
     300
     274
     270
     236
     217
     195
     217
     201
     186
     173
     170
     186
     152
     157
     139
     147
     109
     118
     122
     124
     124
     117
     119
      98
     112
     123
     114
     105
     118
      99
     133
     123
     115
     102
     143
     128
     138
     132
     129
     126
     125
     138
     177
     188
     180
     268
     289
     362
     460
     581
     685
     854
    1082
    1281
    1463
    1728
    1846
    2014
    2126
    2161
    2092
    2165
    2059
    1829
    1679
    1434
    1183
     916
     731
     562
     434
     299
     228
     147
     102
      79
      33
      31
      18
       6
       6
       7
       3
       4
       3
       5
       2
       5
       2
       0
       6
       7
       2
       7
       2
       3
       5
       3
       6
       4
       4
       4
       2
       2
       3
       1
       2
       4
       4
       3
       5
       3
       0
       2
       2
       6
       4
       2
       1
       4
       5
       4
       6
       8
       4
       2
       5
       0
       6
       2
       3
       5
       3
       3
       1
       5
       3
       2
       6
       8
       6
       1
       1
       4
       5
       1
       5
       5
       5
       2
       0
       7
       2
       1
       1
       2
       3
       3
       4
       1
       0
       2
       3
       3
       0
       3
       1
       3
       3
       1
       0
       3
       6
       3
       4
       2
       1
       3
       1
       6
       1
       3
       4
       5
       1
       5
       2
       4
       3
       3
       1
       9
       1
       1
       4
       2
       3
       1
       1
       3
       1
       1
       2
       2
       0
       3
       2
       0
       1
       0
       0
       3
       3
       0
       1
       2
       2
       0
       2
       2
       3
       1
       2
       0
       1
       2
       2
       1
       0
       1
       1
       2
       0
       3
       0
       1
       1
       0
       1
       1
       1
       1
       0
       0
       2
       0
       0
       1
       0
       0
       2
       0
       1
       2
       2
       0
       7
       1
       0
       1
       0
       2
       1
       7
       4
       4
       1
       1
       1
       2
       2
       4
       3
       3
       3
       4
       1
       1
       2
       6
       2
       0
       3
       1
       4
       2
       2
       3
       2
       0
       4
       1
       2
       1
       0
       1
       1
       0
       1
       1
       0
       1
       0
       1
       0
       0
       0
       0
       0
       2
       0
       3
       0
       0
       1
       0
       1
       0
       1
       0
       0
       0
       1
       1
       1
       1
       0
       0
       1
       0
       0
       0
       1
       0
       0
       0
       0
       0
       1
       0
       0
       0
       0
       0
       0
       0
       0
       0
       0
       0
       0
       0
       0
       0
       0
       0
       0
       0
       0
       0
       0
       0
       0
       0
       0
       0
       0
       1
       1
       1
       4
       3
       1
       0
       1
       2
       2
       1
       0
       1
$ROI:
1
178 222
$PRESETS:
Real Time
300
0
$ENER_FIT:
-2.326062 0.088583
$MCA_CAL:
3
-2.326062E+000 8.858320E-002 -1.636990E-004 micr
$SHAPE_CAL:
3
0.000000E+000 0.000000E+000 0.000000E+000
