$SPEC_ID:
No sample description was entered.
$SPEC_REM:
DET# 1
DETDESC# MYON MCB 337
AP# Maestro Version 6.06
$DATE_MEA:
02/15/2021 12:42:33
$MEAS_TIM:
0 300
$DATA:
0 511
       0
       1
      56
    1775
   94718
  794942
  512812
   55107
    1977
     654
     564
     512
     441
     409
     408
     338
     331
     325
     307
     287
     283
     289
     268
     258
     268
     266
     255
     238
     209
     208
     247
     250
     254
     251
     217
     210
     255
     259
     277
     254
     260
     253
     260
     275
     254
     247
     308
     277
     266
     283
     281
     281
     267
     245
     300
     283
     263
     269
     299
     306
     272
     307
     299
     285
     280
     294
     284
     286
     270
     286
     285
     241
     289
     292
     280
     255
     263
     216
     224
     232
     257
     261
     234
     241
     238
     271
     226
     244
     240
     244
     235
     256
     235
     212
     238
     222
     228
     246
     242
     219
     208
     219
     230
     252
     214
     187
     247
     247
     185
     242
     242
     233
     191
     268
     218
     240
     242
     194
     239
     238
     232
     219
     261
     237
     226
     246
     215
     242
     233
     210
     222
     239
     201
     197
     199
     160
     171
     175
     135
     149
     129
     116
      96
      97
     133
     107
     102
     111
      93
      86
      91
      96
      99
     119
      76
      71
      94
      85
      94
      66
      78
      65
      81
     101
      85
      99
      98
      85
     107
     117
     109
      99
     118
     161
     159
     181
     263
     297
     405
     482
     586
     761
     876
    1064
    1190
    1322
    1497
    1587
    1639
    1682
    1599
    1574
    1431
    1267
    1135
     959
     778
     612
     458
     370
     226
     185
     110
      74
      52
      31
      27
      16
       9
      11
       4
       1
       0
       4
       5
       4
       3
       3
       4
       4
       9
       5
       2
       3
       5
       3
       1
       2
       6
       4
       3
       1
       7
       8
       8
       1
       2
       3
       4
       4
       3
       4
       6
       4
       3
       1
       1
       4
       4
       3
       4
       5
       2
       6
       8
       3
       0
       6
       0
       6
       3
       4
       1
       3
       0
       2
       3
       1
       4
       4
       5
       1
       3
       3
       4
       2
       3
       3
       2
       3
       2
       3
       1
       3
       2
       0
       5
       4
       4
       2
       5
       4
       1
       4
       3
       5
       1
       1
       1
       2
       6
       2
       3
       4
       4
       3
       0
       4
       2
       0
       2
       2
       3
       1
       3
       3
       3
       3
       3
       3
       1
       2
       3
       1
       3
       2
       7
       1
       1
       2
       7
       0
       2
       1
       2
       1
       2
       2
       5
       2
       3
       0
       1
       1
       4
       1
       1
       2
       2
       3
       1
       3
       2
       0
       2
       0
       3
       1
       2
       0
       3
       2
       1
       4
       1
       1
       1
       0
       1
       1
       0
       2
       1
       1
       2
       2
       0
       2
       1
       2
       1
       2
       0
       0
       2
       1
       2
       1
       2
       2
       1
       3
       1
       1
       1
       1
       3
       4
       4
       4
       3
       0
       5
       1
       2
       6
       2
       1
       3
       2
       5
       1
       3
       1
       0
       0
       1
       1
       0
       0
       2
       2
       1
       0
       0
       1
       2
       1
       0
       0
       0
       0
       1
       0
       0
       1
       3
       0
       0
       0
       0
       1
       0
       0
       0
       1
       1
       1
       0
       0
       0
       0
       0
       1
       0
       0
       1
       0
       0
       0
       1
       0
       1
       0
       1
       0
       0
       0
       0
       0
       0
       0
       0
       0
       0
       0
       0
       0
       0
       1
       0
       0
       0
       1
       0
       0
       1
       0
       0
       0
       0
       0
       1
       1
       0
       0
       1
       0
       0
       0
       1
       2
       0
       0
       1
       1
       3
       2
       1
       1
       1
       0
$ROI:
1
178 222
$PRESETS:
Real Time
300
0
$ENER_FIT:
-2.326062 0.088583
$MCA_CAL:
3
-2.326062E+000 8.858320E-002 -1.636990E-004 micr
$SHAPE_CAL:
3
0.000000E+000 0.000000E+000 0.000000E+000
