$SPEC_ID:
No sample description was entered.
$SPEC_REM:
DET# 1
DETDESC# MYON MCB 337
AP# Maestro Version 6.06
$DATE_MEA:
02/15/2021 12:48:46
$MEAS_TIM:
0 300
$DATA:
0 511
       0
       1
      29
    1956
   97285
  819025
  532765
   58513
    2283
     889
     641
     511
     488
     429
     384
     370
     336
     301
     297
     301
     284
     281
     275
     249
     263
     233
     240
     229
     217
     221
     242
     221
     228
     225
     219
     237
     241
     240
     250
     225
     260
     254
     264
     280
     232
     258
     258
     278
     280
     284
     261
     289
     268
     261
     299
     318
     302
     290
     260
     268
     294
     316
     281
     291
     289
     279
     329
     273
     259
     279
     285
     258
     279
     261
     239
     229
     262
     262
     248
     269
     227
     264
     252
     235
     228
     216
     218
     244
     236
     253
     209
     246
     246
     208
     234
     200
     219
     202
     231
     238
     215
     227
     221
     221
     233
     255
     188
     220
     223
     239
     224
     235
     222
     219
     248
     217
     228
     262
     226
     236
     230
     230
     229
     257
     223
     225
     241
     235
     250
     220
     232
     228
     221
     221
     192
     173
     162
     151
     165
     178
     153
     134
     129
     131
     108
      98
     109
     107
      90
     115
      94
      90
      85
      85
     108
      77
      81
      81
      71
      83
      97
      86
      90
      93
      95
      87
      97
      91
     112
     122
     104
     122
     121
     120
     146
     164
     186
     249
     313
     373
     472
     659
     749
     890
    1028
    1277
    1310
    1452
    1633
    1622
    1689
    1689
    1496
    1417
    1229
    1112
     908
     782
     638
     436
     323
     238
     161
     107
      88
      51
      39
      25
      11
      14
       1
       3
       6
       7
       5
      13
       2
       9
       0
       3
       1
       3
       0
       3
       4
       8
       4
       5
       4
       7
       7
       3
       2
       7
       5
       1
       0
       3
       8
       1
       5
       3
       6
       5
      10
       7
       7
       1
       4
       2
       1
       3
       3
       2
       7
       4
       3
       4
       4
       3
       1
       5
       0
       2
       3
       5
       1
       7
       0
       3
       1
       0
       4
       3
       4
       3
       3
       1
       4
       2
       1
       2
       3
       4
       2
       7
       3
       2
       2
       2
       3
       5
       0
       2
       3
       0
       3
       1
       2
       2
       1
       2
       2
       4
       3
       2
       4
       0
       3
       4
       2
       1
       3
       3
       1
       2
       2
       6
       2
       0
       0
       1
       5
       2
       1
       2
       3
       2
       2
       4
       0
       2
       3
       4
       3
       0
       0
       2
       3
       4
       1
       1
       2
       5
       1
       2
       3
       1
       2
       2
       1
       3
       1
       0
       2
       3
       2
       0
       0
       0
       0
       1
       0
       2
       3
       1
       2
       0
       3
       1
       1
       4
       1
       0
       3
       4
       2
       3
       1
       1
       0
       1
       1
       1
       2
       2
       1
       3
       1
       1
       1
       3
       1
       4
       1
       1
       2
       5
       3
       1
       1
       2
       6
       4
       2
       1
       2
       2
       4
       2
       2
       2
       1
       2
       1
       2
       0
       1
       2
       0
       2
       2
       0
       0
       0
       0
       0
       1
       0
       0
       0
       1
       0
       0
       0
       2
       0
       1
       0
       1
       0
       1
       0
       1
       0
       0
       0
       1
       0
       0
       1
       0
       0
       1
       0
       0
       0
       1
       0
       0
       2
       0
       0
       0
       1
       1
       0
       0
       0
       0
       1
       0
       2
       0
       0
       0
       0
       0
       0
       0
       1
       0
       1
       0
       0
       0
       0
       0
       0
       0
       0
       0
       0
       0
       0
       0
       0
       0
       0
       0
       0
       0
       0
       0
       1
       1
       0
       2
       0
       2
       0
       0
$ROI:
1
178 222
$PRESETS:
Real Time
300
0
$ENER_FIT:
-2.326062 0.088583
$MCA_CAL:
3
-2.326062E+000 8.858320E-002 -1.636990E-004 micr
$SHAPE_CAL:
3
0.000000E+000 0.000000E+000 0.000000E+000
