$SPEC_ID:
No sample description was entered.
$SPEC_REM:
DET# 1
DETDESC# MYON MCB 337
AP# Maestro Version 6.06
$DATE_MEA:
02/15/2021 12:57:18
$MEAS_TIM:
0 300
$DATA:
0 511
       0
       0
      26
    1936
  103013
  857431
  557475
   61840
    1977
     623
     571
     443
     455
     384
     388
     344
     333
     347
     276
     337
     271
     273
     269
     253
     236
     241
     228
     252
     229
     212
     231
     209
     239
     211
     248
     250
     260
     270
     242
     250
     255
     251
     267
     261
     261
     293
     291
     274
     258
     286
     306
     278
     315
     267
     309
     277
     290
     282
     298
     274
     293
     326
     282
     324
     279
     295
     296
     297
     265
     279
     312
     287
     255
     265
     271
     247
     278
     244
     280
     264
     216
     272
     239
     240
     220
     250
     250
     261
     221
     244
     239
     237
     239
     229
     217
     225
     233
     246
     204
     277
     237
     245
     231
     233
     188
     259
     231
     231
     199
     226
     227
     207
     243
     243
     261
     218
     233
     240
     227
     232
     212
     235
     273
     220
     249
     233
     235
     242
     194
     217
     243
     229
     229
     222
     198
     216
     197
     181
     157
     165
     131
     139
     139
     120
     106
      94
     114
     118
     106
      92
      99
      78
      94
      84
      94
     114
      85
      94
     107
      93
      93
     100
      87
     108
      96
     103
      96
     119
     109
      91
     116
      89
     109
     113
     127
     148
     171
     201
     260
     334
     366
     488
     606
     753
     927
    1073
    1197
    1395
    1513
    1611
    1642
    1723
    1661
    1590
    1429
    1269
    1144
     992
     803
     628
     489
     363
     234
     187
     121
      91
      44
      32
      22
      20
      10
      13
       5
       2
       4
       3
       5
       1
       4
       2
       4
       5
       3
       4
       2
       7
       4
       1
       6
       6
       3
       4
       8
       2
       6
       3
       4
       6
       6
       3
       1
       1
       1
       6
       3
       5
       0
       9
       1
       3
       3
       2
       3
       6
       5
       3
       3
       4
       7
       1
       7
       3
       4
       3
       6
       7
       3
       7
       2
       3
       2
       4
       6
       7
       2
       3
       3
       4
       2
       1
       3
       1
       0
       2
       5
       1
       2
       1
       1
       0
       3
       2
       4
       2
       3
       4
       1
       4
       2
       7
       2
       1
       1
       3
       3
       6
       2
       2
       4
       1
       2
       2
       3
       2
       1
       3
       1
       1
       6
       5
       3
       0
       2
       1
       1
       1
       1
       2
       0
       3
       1
       2
       2
       6
       1
       1
       1
       5
       3
       0
       2
       2
       1
       1
       3
       0
       1
       2
       1
       0
       2
       0
       2
       1
       3
       3
       1
       2
       3
       2
       0
       0
       1
       2
       3
       2
       3
       2
       1
       4
       2
       1
       0
       2
       0
       4
       1
       0
       3
       1
       1
       1
       1
       3
       0
       0
       2
       2
       4
       1
       1
       1
       6
       1
       4
       1
       3
       3
       3
       4
       2
       2
       3
       5
       4
       1
       3
       2
       1
       3
       4
       1
       1
       2
       2
       1
       0
       2
       2
       1
       1
       1
       0
       2
       1
       0
       0
       0
       1
       0
       0
       0
       1
       1
       0
       2
       0
       0
       2
       1
       0
       0
       1
       0
       0
       1
       1
       0
       1
       0
       0
       0
       1
       1
       0
       0
       0
       1
       1
       0
       0
       0
       1
       0
       0
       0
       0
       0
       1
       0
       0
       0
       1
       0
       0
       0
       0
       1
       1
       0
       0
       0
       0
       0
       0
       0
       0
       0
       0
       0
       0
       0
       1
       0
       0
       0
       0
       1
       0
       0
       1
       3
       2
       2
       0
       1
       0
       2
       0
       3
       0
       0
$ROI:
1
178 222
$PRESETS:
Real Time
300
0
$ENER_FIT:
-2.326062 0.088583
$MCA_CAL:
3
-2.326062E+000 8.858320E-002 -1.636990E-004 micr
$SHAPE_CAL:
3
0.000000E+000 0.000000E+000 0.000000E+000
