$SPEC_ID:
No sample description was entered.
$SPEC_REM:
DET# 1
DETDESC# MYON MCB 337
AP# Maestro Version 6.06
$DATE_MEA:
02/15/2021 11:32:59
$MEAS_TIM:
0 300
$DATA:
0 511
       0
       0
      34
    1987
  107490
  883676
  577594
   66333
    2481
     684
     534
     437
     398
     356
     374
     347
     318
     318
     266
     241
     255
     251
     234
     221
     205
     207
     195
     221
     218
     196
     217
     209
     235
     203
     217
     207
     242
     210
     232
     230
     220
     219
     214
     242
     235
     261
     247
     265
     254
     256
     223
     281
     262
     238
     287
     302
     275
     253
     278
     290
     252
     279
     244
     266
     263
     261
     270
     259
     272
     279
     293
     248
     258
     263
     245
     274
     213
     250
     233
     212
     243
     238
     215
     215
     176
     211
     193
     227
     232
     200
     211
     226
     230
     209
     204
     212
     221
     205
     193
     201
     218
     194
     215
     206
     197
     212
     211
     184
     210
     226
     204
     220
     216
     204
     229
     215
     205
     230
     187
     241
     217
     204
     221
     201
     227
     227
     220
     222
     235
     210
     220
     218
     207
     199
     204
     176
     163
     165
     145
     147
     119
     112
     112
     122
      95
     102
     120
      94
      97
     100
      80
      77
      91
      94
      66
     103
     100
      74
      80
      70
      77
      86
      89
      78
      87
      79
      82
      67
     104
      95
      82
      84
      91
     105
     120
     125
     157
     211
     225
     264
     315
     446
     567
     626
     769
     893
    1051
    1155
    1323
    1413
    1510
    1542
    1481
    1404
    1351
    1207
    1068
     906
     669
     615
     486
     351
     275
     207
     130
      83
      58
      44
      20
      14
       9
       5
      12
       7
       6
       2
       6
       6
       3
       3
       7
       6
       5
       6
       3
       5
       2
       3
       3
       3
       3
       3
       4
       3
       2
       4
       2
       6
       3
       4
       4
       4
       3
       3
       2
       4
       4
       6
       6
       3
       7
       4
       3
       4
       6
       6
       1
       6
       2
       7
       2
       2
       6
       1
       4
       4
       4
       5
       2
       4
       1
       5
       3
       6
       3
       4
       4
       3
       2
       1
       6
       4
       2
       2
       3
       3
       3
       1
       3
       1
       2
       2
       1
       1
       1
       2
       2
       4
       2
       4
       2
       3
       4
       4
       3
       0
       1
       6
       4
       5
       2
       2
       5
       8
       6
       2
       2
       0
       2
       2
       2
       2
       2
       1
       1
       0
       2
       3
       3
       4
       1
       1
       2
       1
       3
       4
       3
       4
       3
       4
       1
       0
       1
       2
       1
       1
       1
       3
       3
       0
       1
       1
       2
       0
       0
       1
       1
       0
       2
       0
       1
       2
       0
       3
       0
       2
       2
       0
       0
       2
       1
       0
       0
       1
       0
       2
       0
       1
       1
       2
       0
       2
       1
       0
       3
       2
       0
       0
       3
       1
       3
       1
       0
       2
       2
       4
       4
      10
       2
       2
       2
       5
       2
       4
       4
       1
       5
       3
       4
       0
       0
       2
       2
       2
       0
       1
       1
       3
       1
       1
       2
       3
       2
       1
       1
       0
       0
       1
       0
       1
       2
       0
       2
       0
       1
       1
       0
       0
       0
       1
       0
       0
       0
       2
       1
       0
       0
       0
       0
       1
       0
       0
       1
       0
       0
       0
       1
       0
       0
       1
       0
       0
       1
       0
       0
       1
       0
       0
       0
       0
       0
       0
       1
       0
       0
       0
       0
       0
       0
       0
       1
       0
       0
       0
       1
       0
       0
       0
       0
       0
       0
       0
       1
       0
       0
       2
       0
       0
       0
       0
       0
       2
       1
       3
       2
       0
       1
       2
       2
       0
       1
       1
$ROI:
1
178 222
$PRESETS:
Real Time
300
0
$ENER_FIT:
-2.326062 0.088583
$MCA_CAL:
3
-2.326062E+000 8.858320E-002 -1.636990E-004 micr
$SHAPE_CAL:
3
0.000000E+000 0.000000E+000 0.000000E+000
