$SPEC_ID:
No sample description was entered.
$SPEC_REM:
DET# 1
DETDESC# MYON MCB 337
AP# Maestro Version 6.06
$DATE_MEA:
02/15/2021 11:39:17
$MEAS_TIM:
0 300
$DATA:
0 511
       0
       0
      71
    2638
  110985
  895360
  587261
   67621
    2564
     851
     768
     644
     607
     556
     498
     481
     426
     426
     416
     417
     357
     358
     340
     333
     306
     325
     299
     285
     289
     323
     309
     297
     354
     309
     320
     311
     324
     293
     318
     284
     328
     321
     339
     324
     347
     331
     330
     361
     352
     361
     334
     377
     347
     348
     340
     381
     349
     367
     373
     381
     402
     398
     385
     411
     381
     387
     410
     368
     393
     366
     372
     348
     341
     340
     341
     336
     295
     312
     354
     336
     313
     321
     314
     302
     305
     290
     301
     322
     305
     307
     296
     316
     313
     329
     293
     294
     292
     308
     281
     315
     307
     330
     301
     298
     290
     269
     300
     290
     286
     300
     322
     291
     319
     290
     306
     304
     254
     323
     311
     291
     301
     274
     321
     299
     332
     306
     363
     334
     316
     345
     292
     311
     359
     282
     282
     266
     226
     207
     216
     213
     195
     169
     153
     176
     146
     142
     130
     123
     144
     133
     124
     129
     125
     135
     114
     128
     113
     120
     112
     122
     112
      93
     123
     131
     112
     106
     102
     122
     140
     117
     116
     145
     142
     154
     156
     152
     186
     233
     296
     332
     397
     507
     678
     850
     955
    1181
    1497
    1639
    1817
    2048
    2110
    2168
    2316
    2161
    2063
    1963
    1694
    1490
    1278
    1059
     848
     640
     515
     365
     275
     181
     100
      80
      45
      33
      15
      13
      16
       6
       8
       7
      11
       4
       7
       4
       3
       4
       4
       3
       3
       6
       2
       1
       3
       3
       3
       6
       4
       3
       2
       6
       7
      11
       0
       4
       4
       4
       4
       4
       6
       7
       3
       3
       2
       3
       5
       4
       3
       2
       2
       6
       2
       1
       4
       3
       2
       4
       3
       4
       3
       4
       1
       6
       3
       2
       3
       2
       1
       3
       2
       3
       1
       1
       2
       5
       4
       3
       3
       0
       2
       5
       3
       3
       5
       4
       1
       5
       4
       5
       5
       3
       1
       4
       3
       2
       4
       2
       4
       0
       2
       3
       2
       2
       5
       2
       2
       1
       4
       4
       2
       5
       1
       2
       2
       2
       2
       4
       3
       4
       3
       1
       3
       1
       1
       2
       2
       2
       5
       1
       0
       1
       1
       2
       1
       7
       1
       3
       2
       3
       1
       1
       4
       3
       3
       2
       2
       4
       1
       2
       4
       2
       0
       5
       2
       1
       1
       0
       2
       2
       2
       1
       1
       0
       1
       3
       0
       1
       1
       4
       3
       0
       2
       0
       3
       1
       1
       0
       3
       3
       5
       1
       1
       3
       1
       0
       3
       2
       1
       1
       1
       4
       4
       3
       3
       1
       4
       0
       3
       4
       1
       1
       2
       1
       2
       4
       2
       2
       2
       3
       3
       3
       0
       2
       0
       1
       1
       2
       1
       1
       1
       1
       0
       0
       1
       2
       2
       1
       1
       0
       0
       0
       0
       0
       0
       0
       0
       1
       0
       1
       0
       0
       1
       0
       1
       2
       1
       0
       0
       1
       1
       0
       0
       0
       0
       0
       0
       0
       0
       0
       0
       0
       0
       0
       0
       1
       0
       0
       1
       0
       0
       0
       0
       0
       0
       0
       0
       0
       0
       0
       0
       0
       0
       0
       0
       0
       0
       0
       1
       0
       0
       1
       0
       0
       0
       0
       0
       0
       0
       0
       1
       2
       2
       0
       2
       0
       1
       1
$ROI:
1
178 222
$PRESETS:
Real Time
300
0
$ENER_FIT:
-2.326062 0.088583
$MCA_CAL:
3
-2.326062E+000 8.858320E-002 -1.636990E-004 micr
$SHAPE_CAL:
3
0.000000E+000 0.000000E+000 0.000000E+000
