$SPEC_ID:
No sample description was entered.
$SPEC_REM:
DET# 1
DETDESC# MYON MCB 337
AP# Maestro Version 6.06
$DATE_MEA:
02/15/2021 11:46:28
$MEAS_TIM:
0 300
$DATA:
0 511
       0
       0
      43
    1979
  101779
  851711
  556678
   62267
    2313
     762
     586
     519
     458
     391
     365
     352
     366
     302
     318
     303
     264
     298
     266
     254
     234
     217
     242
     245
     239
     226
     250
     246
     207
     222
     259
     223
     219
     253
     248
     285
     245
     251
     283
     246
     244
     263
     268
     251
     291
     301
     296
     282
     252
     265
     268
     298
     293
     262
     287
     325
     298
     334
     330
     282
     303
     316
     275
     290
     254
     275
     319
     289
     253
     271
     287
     253
     278
     242
     278
     281
     228
     252
     247
     262
     230
     253
     221
     226
     223
     256
     242
     288
     225
     223
     205
     244
     232
     245
     224
     256
     206
     220
     224
     228
     224
     206
     235
     220
     197
     228
     251
     220
     236
     242
     214
     201
     245
     222
     214
     231
     232
     239
     236
     231
     219
     225
     238
     222
     233
     242
     217
     231
     236
     199
     179
     176
     180
     217
     155
     130
     147
     131
     109
     108
     118
      93
     120
      96
      98
      88
      83
      98
      90
      81
      86
      93
      88
      84
     102
      86
      80
      84
      68
      97
     100
      97
     102
      95
     115
      84
     105
     102
     106
     135
     123
     151
     177
     216
     259
     327
     441
     535
     649
     763
     930
    1083
    1287
    1335
    1483
    1607
    1672
    1653
    1684
    1522
    1358
    1265
    1080
     933
     743
     583
     446
     318
     249
     160
     105
      77
      48
      30
      32
      18
       8
       8
       8
       5
       5
       3
       5
       6
       1
       1
       2
       4
       3
       8
       5
       6
       4
       4
       3
       4
       4
       4
       4
       3
       1
       7
       3
       5
       4
       4
       4
       4
       3
       2
       4
       4
       1
       2
       4
       3
       2
       1
       4
       4
       6
       2
       3
       3
       2
       4
       7
       6
       6
       3
       1
       5
       3
       5
       2
       6
       3
       2
       3
       1
       5
       2
       4
       2
       4
       0
       3
       0
       3
       1
       2
       4
       3
       4
       2
       1
       1
       4
       5
       2
       3
       5
       2
       1
       0
       3
       4
       3
       1
       3
       1
       2
       1
       5
       2
       3
       4
       2
       1
       2
       5
       4
       2
       2
       3
       6
       2
       0
       0
       1
       6
       1
       3
       2
       1
       2
       5
       5
       5
       1
       5
       2
       2
       1
       2
       3
       2
       4
       0
       1
       5
       2
       3
       3
       3
       2
       0
       2
       2
       1
       0
       2
       3
       2
       1
       4
       2
       0
       1
       1
       0
       1
       0
       1
       1
       2
       0
       1
       0
       0
       1
       0
       2
       2
       3
       2
       3
       1
       3
       0
       0
       1
       3
       2
       3
       0
       2
       7
       1
       2
       8
       2
       4
       1
       3
       6
       1
       3
       2
       4
       2
       4
       3
       0
       4
       3
       1
       2
       2
       4
       4
       2
       1
       1
       0
       2
       2
       1
       1
       1
       1
       0
       1
       0
       0
       0
       1
       0
       1
       0
       0
       1
       1
       1
       0
       0
       0
       2
       1
       0
       1
       1
       0
       2
       1
       1
       0
       0
       0
       1
       0
       0
       0
       0
       0
       0
       0
       0
       0
       0
       1
       0
       0
       0
       0
       0
       1
       0
       1
       0
       0
       0
       0
       1
       0
       0
       0
       0
       0
       0
       0
       1
       0
       0
       0
       0
       0
       0
       0
       0
       0
       1
       1
       0
       0
       0
       0
       2
       0
       1
       0
       2
       0
       3
       1
       0
       0
       1
$ROI:
1
178 222
$PRESETS:
Real Time
300
0
$ENER_FIT:
-2.326062 0.088583
$MCA_CAL:
3
-2.326062E+000 8.858320E-002 -1.636990E-004 micr
$SHAPE_CAL:
3
0.000000E+000 0.000000E+000 0.000000E+000
