$SPEC_ID:
No sample description was entered.
$SPEC_REM:
DET# 1
DETDESC# MYON MCB 337
AP# Maestro Version 6.06
$DATE_MEA:
02/15/2021 11:58:34
$MEAS_TIM:
0 300
$DATA:
0 511
       1
       0
      45
    2054
  101535
  849813
  557949
   62697
    1950
     635
     610
     505
     447
     424
     350
     364
     345
     306
     301
     312
     267
     309
     257
     254
     247
     247
     278
     246
     225
     268
     224
     208
     234
     249
     239
     247
     240
     231
     231
     236
     260
     261
     279
     252
     241
     254
     247
     251
     262
     277
     234
     278
     288
     269
     278
     270
     299
     311
     310
     312
     278
     296
     310
     296
     302
     282
     283
     264
     290
     294
     263
     251
     276
     291
     267
     234
     249
     272
     253
     231
     264
     260
     279
     247
     244
     265
     234
     250
     212
     230
     251
     224
     248
     214
     238
     245
     241
     210
     228
     246
     227
     213
     217
     216
     216
     247
     205
     223
     206
     189
     245
     226
     205
     236
     237
     236
     210
     202
     264
     233
     221
     238
     210
     213
     257
     253
     229
     234
     223
     246
     265
     216
     211
     211
     216
     192
     176
     171
     150
     154
     153
     129
     124
     120
     125
     120
      99
     115
      86
      89
      84
      83
      97
     105
      76
     102
      84
      81
      84
      79
     100
     105
      90
      94
     108
      95
      92
      95
     111
     100
      88
     107
     126
     127
     132
     165
     190
     233
     260
     307
     393
     507
     656
     730
     971
    1071
    1212
    1348
    1466
    1630
    1673
    1695
    1568
    1604
    1406
    1257
    1137
     936
     731
     616
     417
     357
     259
     175
     105
      86
      50
      44
      19
      19
      17
       5
      11
       5
       7
       1
       7
       7
       2
       2
       6
       5
       5
       4
       3
       4
       4
       5
       5
       2
       2
       5
       3
       3
       7
       2
       1
       1
       3
       2
       3
       8
       6
       6
       8
       1
       1
       1
       6
       1
       6
       5
       7
       5
       3
       3
       7
       7
       6
       5
       1
       7
       3
       6
       5
       3
       3
       1
       4
       1
       2
       4
       2
       2
       3
       3
       1
       6
       4
       6
       3
       2
       3
       2
       4
       0
       2
       4
       2
       3
       5
       3
       5
       1
       3
       5
       3
       1
       3
       3
       3
       1
       4
       4
       3
       4
       3
       5
       3
       3
       4
       3
       0
       2
       2
       2
       0
       1
       0
       2
       3
       4
       4
       3
       5
       2
       2
       4
       4
       2
       3
       1
       1
       1
       2
       3
       3
       1
       2
       2
       3
       1
       0
       2
       3
       1
       1
       3
       4
       5
       3
       1
       3
       1
       3
       2
       1
       1
       1
       0
       3
       1
       1
       3
       2
       0
       1
       1
       1
       1
       2
       2
       1
       0
       0
       3
       0
       0
       2
       0
       3
       1
       4
       2
       0
       2
       2
       1
       0
       1
       1
       4
       1
       5
       3
       4
       7
       2
       3
       2
       4
       4
       2
       4
       6
       4
       2
       2
       4
       0
       2
       2
       2
       1
       1
       3
       3
       1
       3
       0
       2
       0
       0
       2
       1
       0
       2
       0
       0
       1
       1
       2
       1
       0
       1
       1
       1
       1
       1
       0
       0
       1
       1
       0
       0
       2
       0
       0
       0
       0
       1
       0
       2
       0
       0
       1
       0
       0
       0
       0
       0
       0
       0
       0
       1
       0
       0
       0
       0
       0
       1
       0
       0
       0
       0
       0
       0
       1
       0
       0
       0
       0
       0
       0
       2
       0
       0
       0
       0
       0
       0
       0
       0
       0
       0
       0
       0
       0
       0
       0
       2
       2
       0
       1
       0
       2
       0
       1
       0
       3
       0
       1
$ROI:
1
178 222
$PRESETS:
Real Time
300
0
$ENER_FIT:
-2.326062 0.088583
$MCA_CAL:
3
-2.326062E+000 8.858320E-002 -1.636990E-004 micr
$SHAPE_CAL:
3
0.000000E+000 0.000000E+000 0.000000E+000
