$SPEC_ID:
No sample description was entered.
$SPEC_REM:
DET# 1
DETDESC# MYON MCB 337
AP# Maestro Version 6.06
$DATE_MEA:
02/15/2021 12:10:00
$MEAS_TIM:
0 300
$DATA:
0 511
       0
       0
      30
    1924
   97533
  821568
  533252
   58377
    1978
     637
     516
     471
     464
     420
     397
     404
     296
     311
     319
     290
     290
     266
     278
     214
     251
     251
     261
     219
     230
     232
     234
     198
     245
     224
     240
     260
     246
     248
     245
     258
     273
     273
     253
     244
     260
     271
     245
     274
     258
     281
     293
     249
     271
     267
     296
     296
     285
     270
     309
     319
     293
     288
     302
     319
     322
     271
     304
     269
     258
     248
     285
     282
     283
     253
     283
     264
     240
     245
     262
     237
     248
     246
     261
     272
     248
     228
     215
     238
     231
     240
     229
     239
     227
     231
     230
     262
     235
     213
     212
     221
     243
     248
     218
     264
     247
     223
     248
     238
     228
     226
     218
     229
     208
     235
     211
     240
     205
     250
     257
     223
     241
     231
     223
     232
     232
     204
     268
     222
     259
     213
     208
     222
     190
     197
     172
     177
     152
     170
     150
     150
     115
     132
     132
     115
     100
     116
      88
      92
      99
      76
     116
      77
      97
      75
      75
      89
      93
      90
      82
      87
      87
      91
      86
      96
      98
      87
     103
     115
      95
     113
     119
     147
     130
     116
     156
     164
     225
     293
     336
     392
     539
     633
     795
     912
    1136
    1241
    1377
    1494
    1572
    1653
    1667
    1654
    1524
    1413
    1249
    1102
     919
     759
     554
     450
     335
     241
     151
     120
      78
      44
      23
      11
       8
       9
      10
       2
       3
       8
       2
       8
       5
       3
       7
       5
       3
       2
       5
       4
       8
       8
       3
       3
       6
       5
       4
       7
       6
       4
       6
       3
       4
       0
       7
       1
       5
       4
       3
       3
       3
       7
       5
       6
       4
       5
       5
       7
       4
       3
       5
       6
       3
       1
       3
       3
       4
       5
       4
       4
       1
       6
       5
       2
       4
       2
       4
       5
       1
       2
       3
       4
       4
       1
       3
       4
       2
       4
       5
       1
       2
       1
       6
       4
       1
       3
       2
       3
       4
       5
       5
       0
       1
       3
       2
       5
       1
       3
       2
       3
       3
       3
       4
       1
       2
       2
       2
       4
       5
       4
       3
       0
       1
       3
       1
       0
       1
       0
       2
       1
       2
       1
       1
       2
       3
       2
       3
       4
       1
       2
       5
       4
       3
       1
       1
       3
       1
       3
       4
       3
       2
       4
       1
       4
       0
       1
       2
       1
       2
       3
       2
       0
       3
       3
       2
       2
       1
       0
       1
       0
       2
       1
       0
       1
       2
       2
       1
       0
       2
       2
       3
       0
       1
       1
       1
       2
       7
       0
       1
       3
       4
       4
       2
       2
       0
       3
       5
       2
       4
       6
       3
       4
       9
       7
       3
       3
       2
       3
       1
       2
       0
       3
       2
       3
       5
       3
       1
       4
       2
       2
       1
       0
       2
       0
       1
       2
       2
       0
       0
       1
       0
       0
       0
       1
       0
       1
       2
       0
       0
       1
       1
       1
       2
       1
       1
       1
       0
       1
       1
       1
       0
       0
       1
       2
       0
       0
       0
       0
       2
       1
       0
       0
       0
       0
       0
       0
       0
       0
       1
       0
       0
       2
       0
       0
       0
       0
       0
       0
       0
       0
       0
       0
       0
       0
       0
       0
       0
       0
       0
       0
       1
       1
       0
       0
       0
       0
       0
       0
       0
       0
       0
       1
       0
       0
       0
       1
       2
       2
       0
       0
       0
       2
       0
       3
       2
       2
       1
       2
$ROI:
1
178 222
$PRESETS:
Real Time
300
0
$ENER_FIT:
-2.326062 0.088583
$MCA_CAL:
3
-2.326062E+000 8.858320E-002 -1.636990E-004 micr
$SHAPE_CAL:
3
0.000000E+000 0.000000E+000 0.000000E+000
