$SPEC_ID:
No sample description was entered.
$SPEC_REM:
DET# 1
DETDESC# MYON MCB 337
AP# Maestro Version 6.06
$DATE_MEA:
02/15/2021 12:20:23
$MEAS_TIM:
0 300
$DATA:
0 511
       0
       0
      57
    2625
  105924
  855720
  564987
   69333
    5421
    1924
    1103
     740
     638
     508
     507
     462
     392
     417
     399
     363
     344
     382
     320
     316
     313
     302
     281
     332
     312
     298
     293
     294
     266
     320
     308
     295
     290
     289
     305
     303
     328
     317
     308
     323
     344
     308
     327
     344
     344
     336
     363
     308
     344
     337
     333
     350
     377
     408
     381
     391
     331
     370
     391
     362
     379
     365
     398
     355
     354
     364
     325
     312
     332
     365
     340
     315
     353
     299
     368
     333
     314
     279
     332
     331
     303
     320
     300
     287
     324
     294
     273
     286
     325
     303
     280
     262
     301
     298
     304
     291
     293
     278
     295
     277
     286
     289
     264
     274
     279
     285
     294
     277
     325
     323
     314
     287
     282
     286
     329
     303
     284
     295
     305
     298
     326
     270
     318
     327
     310
     291
     298
     281
     288
     264
     261
     230
     237
     241
     199
     173
     174
     144
     155
     161
     150
     159
     109
     125
     134
     116
     108
     134
     116
     128
     106
     108
     108
     115
     117
     121
      96
     101
     106
      99
     118
     120
     116
     129
     127
     123
     136
     134
     134
     168
     165
     185
     201
     276
     340
     431
     567
     656
     882
     979
    1194
    1374
    1598
    1766
    1895
    2076
    2150
    2109
    2059
    1954
    1810
    1543
    1319
    1119
     905
     726
     558
     409
     292
     184
     146
      83
      53
      26
      25
      12
       5
       6
       5
       7
       4
       7
       7
       4
       1
       3
       3
       4
       2
       4
       6
       3
       6
       4
       3
       1
       5
       3
       2
       2
       2
       1
       4
       5
       4
       6
       4
       2
       3
       4
       9
       6
       4
       4
       3
       2
       4
       1
       1
       1
       3
       2
       4
       2
       1
       7
       3
       1
       2
       5
       4
       5
       3
       3
       5
       4
       4
       4
       3
       1
       3
       3
       7
       4
       2
       2
       1
       4
       4
       2
       6
       3
       3
       3
       1
       1
       4
       2
       2
       1
       2
       1
       3
       0
       2
       1
       3
       3
       5
       2
       0
       0
       2
       2
       4
       1
       2
       1
       3
       2
       0
       5
       2
       5
       1
       3
       5
       1
       2
       2
       1
       1
       5
       2
       1
       1
       1
       3
       0
       1
       3
       4
       7
       2
       0
       1
       0
       2
       4
       2
       0
       4
       2
       1
       0
       1
       2
       1
       1
       0
       0
       1
       1
       0
       0
       2
       3
       2
       1
       4
       1
       3
       1
       0
       0
       1
       1
       3
       1
       2
       1
       0
       2
       2
       1
       1
       2
       2
       2
       1
       0
       1
       1
       2
       4
       2
       3
       3
       2
       2
       2
       4
       6
       2
       2
       3
       1
       5
       4
       1
       1
       1
       4
       1
       1
       3
       2
       2
       3
       3
       1
       4
       1
       2
       1
       1
       0
       2
       1
       1
       0
       1
       1
       1
       2
       0
       1
       0
       0
       0
       1
       1
       1
       0
       0
       0
       0
       1
       0
       1
       0
       0
       0
       0
       0
       0
       0
       0
       1
       0
       0
       0
       2
       0
       0
       0
       0
       0
       0
       0
       0
       0
       0
       0
       1
       0
       0
       0
       0
       0
       0
       0
       0
       0
       0
       1
       1
       0
       0
       0
       0
       0
       0
       0
       0
       0
       0
       0
       0
       0
       0
       0
       1
       0
       0
       0
       0
       0
       0
       3
       1
       1
       0
       0
       0
       1
       2
       2
$ROI:
1
178 222
$PRESETS:
Real Time
300
0
$ENER_FIT:
-2.326062 0.088583
$MCA_CAL:
3
-2.326062E+000 8.858320E-002 -1.636990E-004 micr
$SHAPE_CAL:
3
0.000000E+000 0.000000E+000 0.000000E+000
