$SPEC_ID:
No sample description was entered.
$SPEC_REM:
DET# 1
DETDESC# MYON MCB 337
AP# Maestro Version 6.06
$DATE_MEA:
02/15/2021 12:26:27
$MEAS_TIM:
0 300
$DATA:
0 511
       0
       0
      49
    1829
  101811
  854954
  559714
   62127
    2053
     632
     528
     490
     428
     370
     386
     358
     327
     295
     326
     281
     253
     273
     243
     234
     212
     242
     219
     215
     233
     239
     233
     214
     211
     229
     237
     217
     198
     248
     253
     241
     243
     241
     240
     260
     238
     278
     239
     262
     266
     252
     251
     245
     226
     297
     248
     248
     285
     255
     302
     264
     308
     266
     280
     266
     292
     268
     261
     259
     274
     264
     276
     223
     276
     253
     250
     267
     244
     245
     248
     218
     257
     250
     227
     251
     225
     207
     236
     234
     229
     229
     235
     204
     210
     195
     220
     206
     208
     211
     214
     211
     220
     239
     246
     203
     219
     203
     211
     222
     220
     214
     211
     205
     190
     214
     226
     210
     196
     178
     224
     206
     221
     215
     220
     222
     236
     228
     225
     215
     229
     238
     189
     204
     211
     222
     211
     195
     158
     148
     141
     147
     128
     130
     141
     128
     109
      88
      84
      95
      84
      94
      97
      95
      74
      96
      92
      80
      82
      84
      97
      74
      86
     102
      66
     101
      84
      75
      88
      81
      90
      96
     104
     104
     113
     102
     111
     141
     161
     178
     241
     292
     400
     466
     595
     720
     931
    1073
    1201
    1368
    1421
    1527
    1559
    1570
    1546
    1418
    1329
    1216
     997
     845
     720
     582
     439
     335
     200
     154
      93
      67
      36
      37
      21
      12
      10
       5
       8
       6
       4
       8
       1
       1
       6
       5
       4
       6
       2
       4
       1
       3
       2
       4
       2
       2
       1
       8
       4
       8
       5
       2
       3
       3
       4
       3
       1
       8
       4
       3
       4
       4
       4
       4
       4
       5
       5
       5
       8
       3
       1
       6
       3
       0
       1
       3
       3
       6
       6
       2
       7
       5
       1
       3
       1
       6
       4
       0
       3
       4
       4
       3
       3
       1
       2
       4
       6
       5
       3
       4
       3
       5
       5
       4
       1
       1
       2
       6
       2
       0
       2
       2
       0
       3
       5
       0
       2
       0
       4
       3
       1
       3
       2
       2
       2
       5
       1
       7
       2
       0
       3
       1
       1
       3
       0
       2
       5
       4
       2
       2
       1
       5
       2
       4
       1
       4
       2
       3
       1
       3
       1
       5
       3
       4
       1
       1
       1
       2
       2
       1
       1
       1
       1
       3
       2
       2
       0
       0
       4
       2
       0
       0
       0
       2
       0
       1
       0
       0
       0
       0
       1
       1
       1
       1
       1
       2
       0
       1
       0
       0
       2
       2
       2
       1
       2
       0
       0
       4
       1
       2
       2
       1
       3
       2
       2
       2
       3
       2
       3
       3
       0
       2
       3
       3
       1
       2
       2
       3
       1
       2
       1
       3
       2
       2
       4
       4
       3
       1
       1
       4
       2
       2
       1
       1
       0
       1
       3
       1
       2
       0
       1
       1
       0
       1
       0
       1
       0
       3
       1
       0
       0
       0
       0
       0
       0
       0
       1
       0
       0
       1
       0
       1
       0
       0
       1
       1
       2
       0
       2
       0
       1
       0
       1
       0
       0
       0
       1
       0
       1
       1
       0
       0
       0
       0
       0
       0
       0
       1
       1
       0
       0
       0
       0
       0
       0
       0
       0
       0
       0
       0
       0
       0
       1
       0
       0
       0
       0
       0
       0
       2
       1
       0
       0
       0
       0
       0
       1
       1
       0
       0
       0
       1
       3
       0
       0
       3
       0
       0
$ROI:
1
178 222
$PRESETS:
Real Time
300
0
$ENER_FIT:
-2.326062 0.088583
$MCA_CAL:
3
-2.326062E+000 8.858320E-002 -1.636990E-004 micr
$SHAPE_CAL:
3
0.000000E+000 0.000000E+000 0.000000E+000
