$SPEC_ID:
No sample description was entered.
$SPEC_REM:
DET# 1
DETDESC# MYON MCB 337
AP# Maestro Version 6.06
$DATE_MEA:
02/15/2021 12:32:39
$MEAS_TIM:
0 300
$DATA:
0 511
       0
       0
      56
    2565
  105726
  857675
  561971
   63225
    2419
     894
     777
     621
     569
     563
     525
     486
     473
     485
     394
     395
     391
     325
     375
     306
     343
     321
     334
     302
     304
     314
     303
     307
     293
     308
     280
     316
     326
     320
     326
     337
     303
     350
     347
     309
     360
     345
     324
     323
     315
     346
     356
     370
     339
     369
     345
     407
     384
     379
     413
     394
     415
     394
     438
     348
     375
     372
     405
     347
     380
     371
     357
     386
     346
     376
     359
     320
     343
     332
     350
     360
     345
     344
     336
     364
     338
     334
     340
     322
     281
     307
     307
     318
     308
     311
     315
     329
     314
     308
     291
     309
     344
     301
     327
     327
     329
     307
     314
     303
     281
     323
     312
     278
     298
     308
     308
     305
     285
     313
     299
     324
     301
     333
     316
     292
     283
     321
     339
     315
     324
     295
     289
     322
     288
     286
     282
     217
     235
     250
     201
     194
     189
     169
     163
     149
     143
     162
     131
     116
     101
     133
     113
     130
     117
     101
     125
     117
     124
     111
     116
     116
     106
     121
     141
     124
     120
     118
     123
     141
     135
     128
     132
     138
     162
     159
     180
     217
     241
     279
     355
     436
     575
     608
     844
    1015
    1182
    1487
    1709
    1983
    2008
    2168
    2240
    2302
    2377
    2054
    1949
    1706
    1480
    1289
    1012
     846
     686
     479
     304
     261
     156
      98
      66
      41
      30
      19
       7
      10
       8
       9
       6
       7
       3
       3
       4
       5
       1
      11
       7
       8
       5
       2
       4
       7
       3
       6
       2
       1
       2
       5
       3
       3
       7
       2
       6
       4
       3
       8
       5
       6
       1
       0
       2
       6
       6
       2
       3
       5
       3
       6
       4
       3
       6
       6
       4
       3
       3
       4
       2
       3
       4
       3
       2
       3
       0
       3
       2
       3
       2
       1
       2
       5
       3
       4
       7
       5
       1
       2
       4
       2
       2
       3
       5
       1
       1
       3
       1
       2
       2
       3
       1
       3
       5
       2
       6
       3
       2
       1
       3
       2
       6
       2
       1
       4
       1
       1
       4
       5
       6
       5
       0
       3
       0
       2
       4
       5
       2
       2
       4
       4
       4
       3
       2
       1
       0
       4
       2
       2
       0
       2
       1
       0
       4
       2
       4
       2
       2
       1
       0
       2
       0
       1
       1
       1
       1
       3
       1
       5
       2
       2
       0
       1
       3
       1
       1
       0
       1
       1
       0
       0
       2
       0
       2
       2
       1
       2
       1
       3
       2
       2
       5
       1
       0
       2
       0
       1
       1
       4
       0
       4
       2
       2
       1
       2
       2
       1
       0
       2
       2
       4
       5
       3
       2
       5
       2
       4
       6
       4
       2
       3
       2
       0
       1
       3
       5
       3
       3
       3
       1
       1
       1
       1
       4
       4
       3
       2
       1
       0
       2
       0
       1
       0
       1
       0
       2
       0
       0
       0
       1
       0
       1
       1
       0
       1
       0
       1
       2
       1
       1
       2
       0
       0
       0
       1
       1
       1
       0
       0
       1
       0
       0
       1
       0
       1
       1
       0
       0
       0
       0
       0
       0
       1
       1
       0
       0
       0
       0
       0
       0
       0
       0
       0
       0
       0
       0
       1
       1
       0
       0
       0
       0
       0
       0
       0
       0
       0
       0
       0
       0
       0
       1
       0
       0
       0
       1
       0
       1
       1
       1
       0
       0
       0
       2
       0
       0
       2
       1
       2
$ROI:
1
178 222
$PRESETS:
Real Time
300
0
$ENER_FIT:
-2.326062 0.088583
$MCA_CAL:
3
-2.326062E+000 8.858320E-002 -1.636990E-004 micr
$SHAPE_CAL:
3
0.000000E+000 0.000000E+000 0.000000E+000
