#$SPEC_ID:
#No sample description was entered.
#$SPEC_REM:
#DET# 1
#DETDESC# MYON MCB 337
#AP# Maestro Version 6.06
#$DATE_MEA:
#02/15/2021 09:48:18
#$MEAS_TIM:
#0 300
#$DATA:
#0 511
       3
       0
     127
    7374
  216276
  983268
  426366
   30628
    1929
    1364
    1220
     967
     933
     800
     758
     733
     695
     633
     646
     588
     512
     549
     527
     528
     490
     486
     442
     455
     489
     468
     499
     447
     428
     482
     481
     448
     438
     497
     463
     531
     505
     509
     483
     520
     511
     528
     565
     490
     509
     549
     547
     557
     550
     533
     582
     573
     593
     575
     592
     592
     629
     629
     629
     621
     659
     662
     666
     676
     692
     626
     611
     613
     589
     643
     617
     571
     583
     540
     569
     570
     569
     549
     560
     565
     538
     547
     548
     550
     506
     541
     581
     530
     512
     496
     496
     495
     476
     517
     500
     469
     497
     529
     465
     479
     515
     529
     497
     525
     527
     520
     437
     504
     509
     527
     441
     550
     503
     533
     506
     512
     479
     501
     511
     479
     519
     520
     530
     504
     532
     531
     481
     565
     510
     488
     527
     461
     477
     516
     467
     427
     433
     470
     428
     395
     381
     371
     311
     303
     289
     284
     236
     246
     251
     239
     230
     218
     217
     192
     224
     203
     190
     210
     202
     202
     187
     209
     199
     178
     190
     206
     193
     215
     214
     198
     190
     215
     225
     257
     257
     251
     308
     312
     396
     394
     469
     607
     705
     870
     974
    1177
    1312
    1577
    1746
    1958
    2252
    2493
    2661
    2838
    2883
    3036
    3056
    3031
    2891
    2804
    2671
    2537
    2366
    2058
    1830
    1564
    1365
    1078
     949
     713
     537
     415
     279
     246
     156
     128
      88
      68
      44
      40
      18
       7
      15
       9
       7
       7
       4
       5
       6
       5
       4
       3
       6
       2
       2
       2
       3
       4
       4
       2
       4
       4
       7
       2
       5
       2
       0
       2
       5
       3
       5
       6
       2
       3
       4
       6
       6
       1
       4
       4
       3
       5
       5
       3
       4
       5
       4
       4
       4
       6
       3
       4
       1
       4
       1
       3
       3
       6
       2
       4
       8
       6
       6
       2
       1
       1
       2
       2
       5
       0
       5
       7
       6
       4
       5
       3
       5
       4
       1
       1
       7
       3
       5
       4
       4
       3
       1
       2
       1
       1
       1
       4
       0
       0
       1
       0
       7
       3
       2
       2
       3
       0
       3
       5
       1
       3
       4
       5
       4
       5
       1
       5
       1
       3
       1
       2
       0
       2
       1
       1
       2
       2
       1
       2
       3
       2
       0
       5
       0
       1
       3
       3
       4
       1
       3
       4
       5
       2
       0
       0
       1
       2
       2
       2
       0
       2
       0
       3
       1
       2
       0
       0
       1
       0
       0
       1
       1
       1
       3
       2
       1
       1
       2
       2
       2
       2
       2
       1
       1
       1
       3
       0
       0
       1
       1
       2
       2
       1
       1
       1
       0
       3
       1
       3
       2
       4
       2
       1
       1
       3
       6
       0
       5
       5
       2
       1
       3
       3
       4
       1
       2
       3
       1
       0
       3
       5
       4
       1
       1
       2
       1
       3
       4
       1
       1
       2
       1
       3
       1
       1
       0
       0
       0
       1
       1
       1
       0
       0
       0
       2
       0
       0
       0
       0
       0
       0
       0
       0
       0
       1
       0
       0
       0
       0
       0
       1
       1
       0
       0
       0
       0
       0
       0
       0
       0
       0
       0
       0
       0
       0
       0
       0
       0
       0
       1
       0
       0
       0
       0
       0
       0
       0
       0
       0
       0
       0
       1
       2
       2
       0
       0
       0
       1
       1
       2
       4
       0
       4
#$ROI:
#1
#178 222
#$PRESETS:
#Real Time
#300
#0
#$ENER_FIT:
#-2.326062 0.088583
#$MCA_CAL:
#3
#-2.326062E+000 8.858320E-002 -1.636990E-004 micr
#$SHAPE_CAL:
#3
#0.000000E+000 0.000000E+000 0.000000E+000
#