1010.000 2.980
1020.000 3.006
1030.000 3.071
1040.000 3.256
1050.000 3.365
1060.000 3.701
1070.000 4.211
1080.000 4.564
1090.000 5.532
1100.000 6.206
1110.000 8.095
1120.000 9.391
1130.000 12.457
1140.000 14.186
1150.000 13.352
1160.000 9.985
1170.000 7.538
1180.000 6.720
1190.000 5.542
1200.000 5.108
1210.000 4.419
1220.000 3.934
1230.000 3.736
1240.000 3.418
1250.000 3.282
1260.000 3.059
1270.000 2.878
1280.000 2.790
1290.000 2.642
1300.000 2.579
1310.000 2.468
1320.000 2.372
1330.000 2.328
1340.000 2.247
1350.000 2.209
1360.000 2.145
1370.000 2.080
1380.000 2.053
1390.000 2.001
1400.000 1.968
1410.000 1.924
1420.000 1.904
1430.000 1.859
1440.000 1.822
1450.000 1.802
1460.000 1.771
1470.000 1.744
1480.000 1.717
1490.000 1.679
1500.000 1.658
1510.000 1.623
1520.000 1.580
1530.000 1.565
1540.000 1.517
1550.000 1.492
1560.000 1.441
1570.000 1.387
1580.000 1.351
1590.000 1.283
1600.000 1.245
1610.000 1.178
1620.000 1.118
1630.000 1.104
1640.000 1.093
1650.000 1.116
1660.000 1.225
1670.000 1.377
1680.000 1.459
1690.000 1.614
1700.000 1.676
1710.000 1.784
1720.000 1.825
1730.000 1.891
1740.000 1.930
1750.000 1.945
1760.000 1.977
1770.000 1.991
1780.000 1.993
1790.000 2.008
1800.000 2.013
1810.000 2.023
1820.000 2.027
1830.000 2.033
1840.000 2.035
1850.000 2.044
1860.000 2.048
1870.000 2.044
1880.000 2.046
1890.000 2.056
1900.000 2.056
1910.000 2.058
1920.000 2.060
1930.000 2.059
1940.000 2.065
1950.000 2.062
1960.000 2.063
1970.000 2.058
1980.000 2.045
1990.000 2.041
2000.000 2.032
2010.000 2.024
2020.000 2.013
2030.000 1.999
2040.000 2.004
2050.000 1.983
2060.000 1.958
2070.000 1.935
2080.000 1.911
2090.000 1.902
2100.000 1.878
2110.000 1.848
2120.000 1.828
2130.000 1.801
2140.000 1.786
2150.000 1.754
2160.000 1.722
2170.000 1.708
2180.000 1.673
2190.000 1.648
2200.000 1.631
2210.000 1.599
2220.000 1.584
2230.000 1.543
2240.000 1.504
2250.000 1.488
2260.000 1.449
2270.000 1.434
2280.000 1.404
2290.000 1.388
2300.000 1.363
2310.000 1.340
2320.000 1.328
2330.000 1.307
2340.000 1.297
2350.000 1.275
2360.000 1.255
2370.000 1.242
2380.000 1.217
2390.000 1.191
2400.000 1.174
2410.000 1.149
2420.000 1.137
2430.000 1.118
2440.000 1.101
2450.000 1.094
2460.000 1.078
2470.000 1.074
2480.000 1.063
2490.000 1.052
2500.000 1.048
2510.000 1.034
2520.000 1.031
2530.000 1.025
2540.000 1.021
2550.000 1.010
2560.000 1.007
2570.000 1.002
2580.000 1.001
2590.000 0.992
2600.000 0.991
2610.000 0.982
2620.000 0.981
2630.000 0.977
2640.000 0.975
2650.000 0.975
2660.000 0.970
2670.000 0.969
2680.000 0.970
2690.000 0.968
2700.000 0.967
2710.000 0.969
2720.000 0.971
2730.000 0.975
2740.000 0.973
2750.000 0.974
2760.000 0.981
2770.000 0.981
2780.000 0.984
2790.000 0.988
2800.000 0.993
2810.000 0.992
2820.000 1.001
2830.000 1.009
2840.000 1.015
2850.000 1.021
2860.000 1.025
2870.000 1.036
2880.000 1.045
2890.000 1.064
2900.000 1.068
2910.000 1.082
2920.000 1.089
2930.000 1.103
2940.000 1.125
2950.000 1.135
2960.000 1.137
2970.000 1.157
2980.000 1.180
2990.000 1.185
3000.000 1.204
3010.000 1.229
3020.000 1.245
3030.000 1.276
3040.000 1.317
3050.000 1.327
3060.000 1.363
3070.000 1.385
3080.000 1.425
3090.000 1.444
3100.000 1.488
3110.000 1.509
3120.000 1.562
3130.000 1.616
3140.000 1.677
3150.000 1.715
3160.000 1.746
3170.000 1.819
3180.000 1.900
3190.000 1.990
3200.000 2.042
3210.000 2.151
3220.000 2.206
3230.000 2.333
3240.000 2.478
3250.000 2.557
3260.000 2.726
3270.000 2.824
3280.000 3.041
3290.000 3.155
3300.000 3.430
3310.000 3.583
3320.000 3.925
3330.000 4.353
3340.000 4.602
3350.000 5.203
3360.000 5.553
3370.000 6.413
3380.000 6.933
3390.000 8.197
3400.000 10.033
3410.000 11.212
3420.000 14.271
3430.000 16.363
3440.000 21.545
3450.000 25.946
3460.000 26.262
3470.000 21.762
3480.000 18.886
3490.000 14.553
3500.000 11.620
3510.000 10.571
3520.000 9.000
3530.000 8.353
3540.000 7.362
3550.000 6.625
3560.000 6.017
3570.000 5.769
3580.000 5.554
3590.000 5.170
3600.000 4.859
3610.000 4.599
3620.000 4.485
3630.000 4.293
3640.000 4.211
3650.000 4.062
3660.000 3.938
3670.000 3.889
3680.000 3.801
3690.000 3.766
3700.000 3.704
3710.000 3.668
3720.000 3.652
3730.000 3.637
3740.000 3.637
3750.000 3.649
3760.000 3.684
3770.000 3.704
3780.000 3.771
3790.000 3.811
3800.000 3.912
3810.000 4.047
3820.000 4.131
3830.000 4.327
3840.000 4.440
3850.000 4.732
3860.000 5.107
3870.000 5.327
3880.000 5.590
3890.000 6.263
3900.000 7.149
3910.000 7.747
3920.000 9.348
3930.000 11.552
3940.000 13.015
3950.000 15.422
3960.000 14.753
3970.000 13.049
3980.000 9.278
3990.000 7.910
4000.000 5.995
4010.000 5.239
4020.000 4.185
4030.000 3.451
4040.000 3.131
4050.000 2.652
4060.000 2.448
4070.000 2.122
4080.000 1.976
4090.000 1.741
4100.000 1.547
4110.000 1.378
4120.000 1.308
4130.000 1.248
4140.000 1.130
4150.000 1.030
4160.000 0.949
4170.000 0.908
4180.000 0.873
4190.000 0.808
4200.000 0.752
4210.000 0.720
4220.000 0.679
4230.000 0.651
4240.000 0.602
4250.000 0.556
4260.000 0.518
4270.000 0.502
4280.000 0.472
4290.000 0.460
4300.000 0.440
4310.000 0.422
4320.000 0.412
4330.000 0.395
4340.000 0.392
4350.000 0.378
4360.000 0.368
4370.000 0.365
4380.000 0.353
4390.000 0.351
4400.000 0.346
4410.000 0.336
4420.000 0.338
4430.000 0.329
4440.000 0.329
4450.000 0.323
4460.000 0.320
4470.000 0.321
4480.000 0.319
4490.000 0.312
4500.000 0.312
4510.000 0.306
4520.000 0.306
4530.000 0.302
4540.000 0.302
4550.000 0.297
4560.000 0.296
4570.000 0.296
4580.000 0.292
4590.000 0.299
4600.000 0.296
4610.000 0.298
4620.000 0.301
4630.000 0.303
4640.000 0.301
4650.000 0.308
4660.000 0.309
4670.000 0.318
4680.000 0.320
4690.000 0.320
4700.000 0.327
4710.000 0.323
4720.000 0.329
4730.000 0.324
4740.000 0.326
4750.000 0.322
4760.000 0.326
4770.000 0.319
4780.000 0.321
4790.000 0.314
4800.000 0.312
4810.000 0.307
4820.000 0.298
4830.000 0.296
4840.000 0.289
4850.000 0.285
4860.000 0.277
4870.000 0.266
4880.000 0.252
4890.000 0.246
4900.000 0.242
4910.000 0.231
4920.000 0.225
4930.000 0.214
4940.000 0.207
4950.000 0.197
4960.000 0.194
4970.000 0.180
4980.000 0.179
4990.000 0.159
5000.000 0.158
5010.000 0.155
5020.000 0.165
5030.000 0.163
5040.000 0.167
5050.000 0.171
5060.000 0.175
5070.000 0.191
5080.000 0.203
5090.000 0.219
5100.000 0.237
5110.000 0.250
5120.000 0.268
5130.000 0.276
5140.000 0.302
5150.000 0.323
5160.000 0.325
5170.000 0.346
5180.000 0.353
5190.000 0.361
5200.000 0.371
5210.000 0.369
5220.000 0.381
5230.000 0.379
5240.000 0.389
5250.000 0.395
5260.000 0.395
5270.000 0.401
5280.000 0.402
5290.000 0.408
5300.000 0.407
5310.000 0.413
5320.000 0.413
5330.000 0.417
5340.000 0.422
5350.000 0.427
5360.000 0.426
5370.000 0.434
5380.000 0.431
5390.000 0.438
5400.000 0.440
5410.000 0.441
5420.000 0.441
5430.000 0.443
5440.000 0.451
5450.000 0.449
5460.000 0.450
5470.000 0.448
5480.000 0.450
5490.000 0.453
5500.000 0.454
5510.000 0.456
5520.000 0.459
5530.000 0.460
5540.000 0.463
5550.000 0.459
5560.000 0.466
5570.000 0.465
5580.000 0.465
5590.000 0.463
5600.000 0.466
5610.000 0.466
5620.000 0.461
5630.000 0.463
5640.000 0.462
5650.000 0.464
5660.000 0.463
5670.000 0.461
5680.000 0.460
5690.000 0.462
5700.000 0.465
5710.000 0.460
5720.000 0.466
5730.000 0.464
5740.000 0.461
5750.000 0.466
5760.000 0.464
5770.000 0.466
5780.000 0.464
5790.000 0.464
5800.000 0.466
5810.000 0.467
5820.000 0.467
5830.000 0.470
5840.000 0.470
5850.000 0.476
5860.000 0.477
5870.000 0.478
5880.000 0.481
5890.000 0.485
5900.000 0.486
5910.000 0.488
5920.000 0.490
5930.000 0.493
5940.000 0.489
5950.000 0.487
5960.000 0.497
5970.000 0.489
5980.000 0.488
5990.000 0.492
6000.000 0.491
6010.000 0.498
6020.000 0.497
6030.000 0.497
6040.000 0.500
6050.000 0.496
6060.000 0.507
6070.000 0.510
6080.000 0.510
6090.000 0.515
6100.000 0.515
6110.000 0.519
6120.000 0.526
6130.000 0.523
6140.000 0.530
6150.000 0.529
6160.000 0.534
6170.000 0.533
6180.000 0.536
6190.000 0.535
6200.000 0.544
6210.000 0.545
6220.000 0.546
6230.000 0.549
6240.000 0.559
6250.000 0.561
6260.000 0.564
6270.000 0.568
6280.000 0.575
6290.000 0.577
6300.000 0.581
6310.000 0.594
6320.000 0.592
6330.000 0.595
6340.000 0.602
6350.000 0.606
6360.000 0.608
6370.000 0.616
6380.000 0.620
6390.000 0.630
6400.000 0.636
6410.000 0.647
6420.000 0.667
6430.000 0.671
6440.000 0.686
6450.000 0.698
6460.000 0.710
6470.000 0.720
6480.000 0.736
6490.000 0.759
6500.000 0.768
6510.000 0.790
6520.000 0.798
6530.000 0.819
6540.000 0.854
6550.000 0.862
6560.000 0.899
6570.000 0.913
6580.000 0.953
6590.000 0.995
6600.000 1.020
6610.000 1.070
6620.000 1.101
6630.000 1.163
6640.000 1.232
6650.000 1.266
6660.000 1.356
6670.000 1.451
6680.000 1.501
6690.000 1.625
6700.000 1.697
6710.000 1.843
6720.000 1.939
6730.000 2.146
6740.000 2.384
6750.000 2.544
6760.000 2.903
6770.000 3.112
6780.000 3.649
6790.000 4.362
6800.000 4.831
6810.000 6.052
6820.000 6.876
6830.000 9.093
6840.000 12.038
6850.000 13.720
6860.000 14.895
6870.000 12.274
6880.000 10.505
6890.000 8.125
6900.000 7.369
6910.000 6.027
6920.000 5.228
6930.000 4.944
6940.000 4.684
6950.000 4.262
6960.000 3.964
6970.000 3.852
6980.000 3.661
6990.000 3.591
7000.000 3.491
7010.000 3.418
7020.000 3.411
7030.000 3.406
7040.000 3.442
7050.000 3.479
7060.000 3.589
7070.000 3.769
7080.000 3.879
7090.000 4.003
7100.000 4.324
7110.000 4.800
7120.000 5.412
7130.000 5.823
7140.000 6.946
7150.000 7.632
7160.000 9.171
7170.000 10.608
7180.000 10.724
7190.000 9.364
7200.000 8.105
7210.000 6.079
7220.000 4.750
7230.000 4.182
7240.000 3.411
7250.000 3.113
7260.000 2.636
7270.000 2.449
7280.000 2.136
7290.000 2.013
7300.000 1.779
7310.000 1.601
7320.000 1.459
7330.000 1.399
7340.000 1.339
7350.000 1.243
7360.000 1.160
7370.000 1.118
7380.000 1.058
7390.000 1.029
7400.000 0.970
7410.000 0.923
7420.000 0.904
7430.000 0.860
7440.000 0.828
7450.000 0.808
7460.000 0.774
7470.000 0.763
7480.000 0.738
7490.000 0.714
7500.000 0.705
7510.000 0.691
7520.000 0.684
7530.000 0.668
7540.000 0.655
7550.000 0.648
7560.000 0.635
7570.000 0.633
7580.000 0.619
7590.000 0.609
7600.000 0.602
7610.000 0.590
7620.000 0.584
7630.000 0.577
7640.000 0.571
7650.000 0.565
7660.000 0.559
7670.000 0.555
7680.000 0.550
7690.000 0.548
7700.000 0.544
7710.000 0.543
7720.000 0.541
7730.000 0.536
7740.000 0.534
7750.000 0.533
7760.000 0.530
7770.000 0.528
7780.000 0.520
7790.000 0.520
7800.000 0.512
7810.000 0.507
7820.000 0.506
7830.000 0.503
7840.000 0.501
7850.000 0.500
7860.000 0.496
7870.000 0.500
7880.000 0.497
7890.000 0.494
7900.000 0.502
7910.000 0.498
7920.000 0.496
7930.000 0.495
7940.000 0.489
7950.000 0.484
7960.000 0.489
7970.000 0.476
7980.000 0.475
7990.000 0.476
8000.000 0.472
8010.000 0.471
8020.000 0.470
8030.000 0.476
8040.000 0.477
8050.000 0.475
8060.000 0.481
8070.000 0.476
8080.000 0.475
8090.000 0.478
8100.000 0.479
8110.000 0.476
8120.000 0.479
8130.000 0.473
8140.000 0.469
8150.000 0.466
8160.000 0.467
8170.000 0.460
8180.000 0.464
8190.000 0.460
8200.000 0.460
8210.000 0.461
8220.000 0.461
8230.000 0.466
8240.000 0.461
8250.000 0.467
8260.000 0.464
8270.000 0.465
8280.000 0.461
8290.000 0.467
8300.000 0.462
8310.000 0.468
8320.000 0.460
8330.000 0.458
8340.000 0.459
8350.000 0.451
8360.000 0.452
8370.000 0.450
8380.000 0.448
8390.000 0.449
8400.000 0.449
8410.000 0.455
8420.000 0.455
8430.000 0.457
8440.000 0.462
8450.000 0.459
8460.000 0.462
8470.000 0.460
8480.000 0.457
8490.000 0.456
8500.000 0.455
8510.000 0.453
8520.000 0.449
8530.000 0.449
8540.000 0.447
8550.000 0.448
8560.000 0.446
8570.000 0.447
8580.000 0.449
8590.000 0.449
8600.000 0.451
8610.000 0.454
8620.000 0.454
8630.000 0.456
8640.000 0.456
8650.000 0.455
8660.000 0.459
8670.000 0.457
8680.000 0.455
8690.000 0.459
8700.000 0.450
8710.000 0.454
8720.000 0.452
8730.000 0.453
8740.000 0.453
8750.000 0.443
8760.000 0.436
8770.000 0.434
8780.000 0.438
8790.000 0.443
8800.000 0.450
8810.000 0.448
8820.000 0.449
8830.000 0.460
8840.000 0.445
8850.000 0.455
8860.000 0.451
8870.000 0.448
8880.000 0.445
8890.000 0.447
8900.000 0.442
8910.000 0.444
8920.000 0.444
8930.000 0.442
8940.000 0.444
8950.000 0.444
8960.000 0.452
8970.000 0.448
8980.000 0.447
8990.000 0.453
9000.000 0.453
9010.000 0.450
9020.000 0.458
9030.000 0.452
9040.000 0.448
9050.000 0.450
9060.000 0.445
9070.000 0.448
9080.000 0.446
9090.000 0.447
9100.000 0.447
9110.000 0.444
9120.000 0.450
9130.000 0.450
9140.000 0.451
9150.000 0.456
9160.000 0.457
9170.000 0.456
9180.000 0.462
9190.000 0.461
9200.000 0.461
9210.000 0.456
9220.000 0.457
9230.000 0.456
9240.000 0.455
9250.000 0.452
9260.000 0.451
9270.000 0.451
9280.000 0.452
9290.000 0.454
9300.000 0.454
9310.000 0.459
9320.000 0.459
9330.000 0.461
9340.000 0.462
9350.000 0.465
9360.000 0.465
9370.000 0.469
9380.000 0.468
9390.000 0.468
9400.000 0.467
9410.000 0.466
9420.000 0.464
9430.000 0.463
9440.000 0.463
9450.000 0.463
9460.000 0.465
9470.000 0.465
9480.000 0.467
9490.000 0.468
9500.000 0.469
9510.000 0.474
9520.000 0.477
9530.000 0.478
9540.000 0.480
9550.000 0.483
9560.000 0.485
9570.000 0.482
9580.000 0.482
9590.000 0.486
9600.000 0.485
9610.000 0.482
9620.000 0.483
9630.000 0.485
9640.000 0.484
9650.000 0.487
9660.000 0.490
9670.000 0.496
9680.000 0.499
9690.000 0.498
9700.000 0.507
9710.000 0.506
9720.000 0.511
9730.000 0.517
9740.000 0.517
9750.000 0.519
9760.000 0.527
9770.000 0.521
9780.000 0.529
9790.000 0.527
9800.000 0.531
9810.000 0.537
9820.000 0.539
9830.000 0.541
9840.000 0.547
9850.000 0.554
9860.000 0.561
9870.000 0.568
9880.000 0.578
9890.000 0.585
9900.000 0.595
9910.000 0.597
9920.000 0.610
9930.000 0.615
9940.000 0.626
9950.000 0.633
9960.000 0.639
9970.000 0.651
9980.000 0.664
9990.000 0.678
10000.000 0.681
10010.000 0.707
10020.000 0.731
10030.000 0.734
10040.000 0.769
10050.000 0.803
10060.000 0.819
10070.000 0.860
10080.000 0.881
10090.000 0.931
10100.000 0.963
10110.000 1.025
10120.000 1.096
10130.000 1.189
10140.000 1.242
10150.000 1.298
10160.000 1.454
10170.000 1.644
10180.000 1.749
10190.000 2.075
10200.000 2.266
10210.000 2.729
10220.000 3.410
10230.000 4.030
10240.000 4.182
10250.000 4.223
10260.000 3.741
10270.000 3.012
10280.000 2.702
10290.000 2.183
10300.000 2.004
10310.000 1.748
10320.000 1.548
10330.000 1.414
10340.000 1.365
10350.000 1.291
10360.000 1.262
10370.000 1.230
10380.000 1.216
10390.000 1.211
10400.000 1.213
10410.000 1.232
10420.000 1.281
10430.000 1.318
10440.000 1.406
10450.000 1.471
10460.000 1.645
10470.000 1.874
10480.000 2.070
10490.000 2.483
10500.000 2.696
10510.000 3.291
10520.000 3.706
10530.000 3.629
10540.000 3.357
10550.000 2.744
10560.000 2.498
10570.000 2.024
10580.000 1.851
10590.000 1.592
10600.000 1.489
10610.000 1.304
10620.000 1.181
10630.000 1.130
10640.000 1.027
10650.000 0.987
10660.000 0.919
10670.000 0.854
10680.000 0.827
10690.000 0.781
10700.000 0.760
10710.000 0.725
10720.000 0.695
10730.000 0.668
10740.000 0.658
10750.000 0.637
10760.000 0.628
10770.000 0.608
10780.000 0.601
10790.000 0.592
10800.000 0.577
10810.000 0.571
10820.000 0.560
10830.000 0.549
10840.000 0.544
10850.000 0.533
10860.000 0.527
10870.000 0.518
10880.000 0.510
10890.000 0.504
10900.000 0.498
10910.000 0.494
10920.000 0.489
10930.000 0.486
10940.000 0.485
10950.000 0.483
10960.000 0.477
10970.000 0.476
10980.000 0.475
10990.000 0.473
11000.000 0.466
11010.000 0.467
11020.000 0.465
11030.000 0.456
11040.000 0.455
11050.000 0.453
11060.000 0.449
11070.000 0.448
11080.000 0.444
11090.000 0.442
11100.000 0.439
11110.000 0.436
11120.000 0.435
11130.000 0.437
11140.000 0.438
11150.000 0.437
11160.000 0.436
11170.000 0.435
11180.000 0.436
11190.000 0.431
11200.000 0.432
11210.000 0.430
11220.000 0.428
11230.000 0.425
11240.000 0.419
11250.000 0.419
11260.000 0.421
11270.000 0.417
11280.000 0.414
11290.000 0.417
11300.000 0.416
11310.000 0.419
11320.000 0.414
11330.000 0.418
11340.000 0.418
11350.000 0.416
11360.000 0.416
11370.000 0.414
11380.000 0.414
11390.000 0.409
11400.000 0.412
11410.000 0.408
11420.000 0.407
11430.000 0.404
11440.000 0.404
11450.000 0.404
11460.000 0.405
11470.000 0.401
11480.000 0.401
11490.000 0.404
11500.000 0.406
11510.000 0.402
11520.000 0.402
11530.000 0.407
11540.000 0.404
11550.000 0.406
11560.000 0.405
11570.000 0.402
11580.000 0.402
11590.000 0.398
11600.000 0.397
11610.000 0.397
11620.000 0.401
11630.000 0.395
11640.000 0.394
11650.000 0.398
11660.000 0.394
11670.000 0.393
11680.000 0.397
11690.000 0.397
11700.000 0.400
11710.000 0.400
11720.000 0.396
11730.000 0.398
11740.000 0.398
11750.000 0.395
11760.000 0.396
11770.000 0.393
11780.000 0.396
11790.000 0.389
11800.000 0.390
11810.000 0.390
11820.000 0.388
11830.000 0.387
11840.000 0.388
11850.000 0.393
11860.000 0.390
11870.000 0.387
11880.000 0.394
11890.000 0.394
11900.000 0.392
11910.000 0.393
11920.000 0.393
11930.000 0.392
11940.000 0.391
11950.000 0.387
11960.000 0.388
11970.000 0.385
11980.000 0.387
11990.000 0.388
12000.000 0.386
